# l Dl_TT Dl_TE Dl_TB Dl_ET Dl_BT Dl_EE Dl_EB Dl_BE Dl_BB
3.000000000000000000e+00 4.041670396656847402e+02 3.595096612688156501e+00 2.114395846099354603e+00 3.595216847012194794e+00 2.114545395424678453e+00 9.422729055950421762e-01 3.242017690436797550e-01 3.242057131745315623e-01 1.925023870834053075e-01
7.000000000000000000e+00 8.772977971628197338e+02 5.640103561583311276e+00 3.046492090629683069e+00 5.641057710090111144e+00 3.047039081308143160e+00 4.778073662928446486e-01 -1.854996718335454736e-02 -1.855108244694000236e-02 2.388676948737165906e-01
1.200000000000000000e+01 7.843534987688342426e+02 1.226939918893032111e+00 -1.068714344614075662e+00 1.227346169728000369e+00 -1.068917073736860734e+00 3.379822856394992803e-01 -1.378841869143272378e-02 -1.379024155618391832e-02 1.258088537015228381e-01
1.700000000000000000e+01 9.716585956620854176e+02 -2.553388722580580694e+00 1.394993275427276469e+00 -2.554832232983750284e+00 1.395722749277986896e+00 1.838129282869718772e-01 -1.200760989041645480e-02 -1.201096707288222890e-02 2.325389564016750177e-01
2.200000000000000000e+01 7.300110547347269403e+02 3.286547259718029856e+00 -3.386961815567109735e+00 3.289072326410304559e+00 -3.389814136948126500e+00 2.822526946498475908e-01 -3.395974507103614870e-02 -3.399596535066023995e-02 1.901154906365790653e-01
2.700000000000000000e+01 9.565623790875968098e+02 9.239224647917441136e-01 1.051006175253662578e+00 9.248834037155845289e-01 1.052283654551762648e+00 2.650950988073418335e-01 -7.312969549189016422e-04 -7.370303961965821160e-04 1.578481331294098733e-01
3.200000000000000000e+01 1.125279983892310383e+03 3.581487753794265760e+00 2.755814101562841678e+00 3.587248967928598375e+00 2.760588434172720707e+00 2.352893858272187555e-01 -1.070122350875918406e-05 -1.625319632796023848e-05 1.333681573471781345e-01
3.700000000000000000e+01 1.196842843564778377e+03 2.622260132649626208e+00 -6.375695123792198826e-01 2.627409764433008554e+00 -6.392473297635241636e-01 1.740546261133871786e-01 4.561774329316072712e-02 4.570215529457772458e-02 1.201328137361616227e-01
4.200000000000000000e+01 1.440556122606326880e+03 2.517875204907315645e+00 3.510842275806529411e+00 2.525245901764422207e+00 3.520594665514109600e+00 2.542777355401634187e-01 -5.991627347502812700e-02 -6.008330277316196316e-02 1.605470620558990535e-01
4.700000000000000000e+01 1.375824636881136485e+03 -3.595200131065699051e-02 -8.540438600893111021e-01 -3.561353108074869628e-02 -8.572566823271559056e-01 2.141907011940895611e-01 -2.274550784769201542e-02 -2.283612441364582177e-02 1.018245471079251285e-01
5.200000000000000000e+01 1.343652889402946357e+03 -6.201317319829311447e-01 1.486084956888698461e+00 -6.233086922799360163e-01 1.492460920271634794e+00 2.873250915408572803e-01 3.063275943400056711e-03 3.092211335147038252e-03 1.296030877711898399e-01
5.700000000000000000e+01 1.621160408918162602e+03 -1.757727050883326481e+00 -4.295658574110112760e+00 -1.765298355945979836e+00 -4.317907715032814231e+00 3.924510661169210435e-01 4.087187328593707564e-02 4.107363256441856625e-02 2.213020595274526880e-01
6.200000000000000000e+01 1.682391305298554016e+03 -4.297856332143589420e+00 3.591165316947244612e+00 -4.323897054804626272e+00 3.612264861939782357e+00 4.400185355271404863e-01 6.089959237809487030e-02 6.126468671507358243e-02 -5.286438574999403894e-02
6.700000000000000000e+01 1.862837197270896695e+03 6.711148337907478778e-01 -2.727376439643799166e+00 6.764149125491581982e-01 -2.746275571278753880e+00 4.576337317117263881e-01 -9.779987574424894858e-02 -9.844624502863599802e-02 1.641054087282429463e-01
7.200000000000000000e+01 1.998406546517848938e+03 -9.728224506858337506e+00 1.339736177367849779e+00 -9.805924340169056563e+00 1.350527348618209000e+00 5.251822526891452014e-01 -1.731696336670520697e-01 -1.745298911771117623e-01 1.537308315397706016e-01
7.700000000000000000e+01 1.792748138184710115e+03 -4.554736478216183215e+00 6.076666394608173372e-01 -4.596785880005054281e+00 6.132061529768028096e-01 5.232017593683215839e-01 1.241224658146836968e-01 1.252653635240099650e-01 1.256652372265583753e-02
8.200000000000000000e+01 2.191701848837121361e+03 -1.188796543387339533e+01 -4.329477302296830810e-01 -1.200884969067145391e+01 -4.375544952878246963e-01 7.272261693759893841e-01 -6.407137667424474270e-02 -6.472135422360753010e-02 1.430619501039414321e-01
8.700000000000000000e+01 2.352715395452396479e+03 -1.547495599901581897e+01 -1.110082363499590719e-01 -1.565324981803301796e+01 -1.124379483348304787e-01 5.991604813683094610e-01 -5.667080592127906463e-02 -5.733522211059449702e-02 7.491449473694375416e-02
9.200000000000000000e+01 2.461676268135543069e+03 -2.144515783222697536e+01 -7.404787099542693429e-01 -2.172110132453676812e+01 -7.496198823095114872e-01 8.420162397191151005e-01 -1.591088179071791647e-02 -1.610898280423628953e-02 5.308703573356952227e-02
9.700000000000000000e+01 2.499855009860241807e+03 -2.692979112659289243e+01 2.355457816906362911e+00 -2.731518114054056312e+01 2.387755041081204066e+00 6.169347819270558642e-01 8.238793976774741457e-02 8.361679783885792028e-02 1.773308716798835671e-01
1.040000000000000000e+02 2.968853764162505740e+03 -2.602769716288128166e+01 1.110323926286497009e+00 -2.645506411599191310e+01 1.129216635348034847e+00 9.761994546786942895e-01 7.550172123950038561e-03 7.538783553337862799e-03 1.519233000994920091e-01
1.130000000000000000e+02 3.241984623062115588e+03 -3.002050963659550931e+01 3.093441234109394866e+00 -3.060144228158655721e+01 3.156624795110615889e+00 1.034594623698891214e+00 -1.304964059626221584e-01 -1.329756133474435942e-01 1.141064147137726276e-01
1.220000000000000000e+02 3.394769782984638368e+03 -3.769773622253840273e+01 6.131270514633823110e-01 -3.853641119201380150e+01 6.259961788351154910e-01 1.321274388827732071e+00 -1.143299642300511371e-01 -1.166658825993662496e-01 2.619950927234169780e-01
1.310000000000000000e+02 3.597434935745129224e+03 -4.190747455427654700e+01 5.355647155631014122e+00 -4.299013315232197385e+01 5.492871512357712760e+00 1.296548796389315417e+00 -1.276299292908798233e-01 -1.307409784424901356e-01 2.508485519642626449e-01
1.400000000000000000e+02 4.232582248647906454e+03 -3.850641083478465276e+01 3.453472974303129384e+00 -3.963495407856871111e+01 3.552768409167809782e+00 1.062772967956175041e+00 -2.317982052859031417e-01 -2.388150608304503431e-01 1.756999082544111468e-01
1.490000000000000000e+02 4.248906806918972507e+03 -4.416361663442786067e+01 8.267408305158477688e+00 -4.563020842790636777e+01 8.545352669173508886e+00 1.018399086387229646e+00 -1.445748512708465161e-01 -1.493438459193369705e-01 -1.776810098781779826e-02
1.580000000000000000e+02 4.787917074799818693e+03 -5.128621324368322831e+01 -5.249074883244500889e+00 -5.320226764593355284e+01 -5.440660297833921355e+00 1.311229553486762622e+00 -9.880214901213608958e-02 -1.023815574630936448e-01 -9.196826842661931511e-03
1.670000000000000000e+02 4.855070300513093571e+03 -4.976982327859892052e+01 8.166977760967917277e+00 -5.183893113470987402e+01 8.500632463540464201e+00 1.069179630817338245e+00 -9.453504106018144337e-02 -9.859135779156542878e-02 1.389308346813541983e-01
1.760000000000000000e+02 5.125535364834634493e+03 -4.576984015804902839e+01 -2.452281281140575420e+00 -4.788864314192070992e+01 -2.564903034557508121e+00 1.011105071901482022e+00 -3.530115763646397842e-02 -3.671474530778684464e-02 4.954629625732128728e-01
1.850000000000000000e+02 5.389169460066303145e+03 -3.042427994458104479e+01 7.037327504736448525e+00 -3.198203431090692206e+01 7.394869049888912471e+00 6.627987291213912613e-01 -2.874629730494006330e-02 -3.024833042850002054e-02 8.585898367136306220e-02
1.940000000000000000e+02 5.559596596497553946e+03 -2.786240587190030382e+01 4.862711881043455087e+00 -2.942438428960808139e+01 5.138739847387765458e+00 1.075940936237503864e+00 -1.075657412801759027e-01 -1.135162619528930078e-01 -2.634350844621146659e-01
2.030000000000000000e+02 5.456751455980877836e+03 -1.090488093078598908e+01 -1.227679391599871384e+00 -1.157435457450412031e+01 -1.310160562651206950e+00 7.816472826316563927e-01 1.883006871854240108e-02 2.013390642214767795e-02 2.541932986900152791e-02
2.120000000000000000e+02 5.647584746489015743e+03 3.721140651648009029e-02 4.659690257001558589e-01 4.917796016056928676e-02 5.016213261855674288e-01 1.297731963955284229e+00 1.178290510301089333e-01 1.264764315621697277e-01 2.854361201781780988e-01
2.210000000000000000e+02 5.833169345708612127e+03 1.777266898946742657e+01 4.878701749374324770e+00 1.906524002297167186e+01 5.220911009989905871e+00 9.261147232358124537e-01 5.761656198588874928e-02 6.170989422531956980e-02 1.712227722793498996e-01
2.300000000000000000e+02 5.698947148728542743e+03 2.488860506207139522e+01 2.876198638174592759e+00 2.684706572000473912e+01 3.131153317673879499e+00 1.631452817267297739e+00 3.052208593146435445e-01 3.292491530928667864e-01 2.292986335513574059e-01
2.390000000000000000e+02 5.792259360491234474e+03 5.147417572012275855e+01 9.007962399045574386e+00 5.584152362626948474e+01 9.776682780948879881e+00 1.751967019801679903e+00 4.256558347924150471e-02 4.572584375376070182e-02 -7.205934744022481075e-02
2.480000000000000000e+02 5.451624803818926011e+03 4.951271213502243995e+01 -7.510113980502716835e+00 5.404405588580483766e+01 -8.199681757750331812e+00 2.519646294891791705e+00 -3.099327100336660146e-01 -3.380019903194279585e-01 -7.536820503371007007e-02
2.570000000000000000e+02 5.243144548511441826e+03 7.325092082383076786e+01 1.435935968749255132e+01 8.045928453399034197e+01 1.576818547678572457e+01 3.437462497047135912e+00 5.078645218104568121e-02 5.595506050370960272e-02 1.395552009502640800e-01
2.660000000000000000e+02 5.103946538757518283e+03 8.438083695830647457e+01 1.123098504958766597e+01 9.327880296909671642e+01 1.240660540806110212e+01 3.904196939772406338e+00 9.406598446222809440e-02 1.043507926721466833e-01 2.686085007140010528e-01
2.750000000000000000e+02 5.113280258046750532e+03 1.148078119406404198e+02 -1.037655923679593334e-01 1.277628492323946716e+02 -1.209903917884464497e-01 5.253457632319090465e+00 -5.651699516772319409e-01 -6.283563695322504916e-01 -4.037820412415109028e-01
2.840000000000000000e+02 4.565039705850063910e+03 1.067654740565885447e+02 4.774859069744543660e+00 1.196496349994640696e+02 5.369403768352344564e+00 5.930144096311394719e+00 7.313259458026766247e-01 8.206350046061507975e-01 -1.752528714255485731e-01
2.930000000000000000e+02 4.390613670204154005e+03 1.154043404355585238e+02 4.386211364857260264e+00 1.302557475102583169e+02 4.950485505086906102e+00 8.275843698054922370e+00 -6.501275711615946140e-02 -7.277902035532655967e-02 4.678826353428044982e-01
3.020000000000000000e+02 3.954538465748869385e+03 1.139026051350916902e+02 6.318328991287491370e+00 1.295010594379189115e+02 7.185019988583243311e+00 9.216147868073184313e+00 3.434164387648040995e-01 3.913870594170444916e-01 -1.710988873113390152e-01
3.110000000000000000e+02 3.668271741794371337e+03 1.186321903158616635e+02 7.919698139935538173e+00 1.359329799680283202e+02 9.064670646614795047e+00 1.090133714636041873e+01 -3.024061397392488124e-02 -3.413148822025865309e-02 6.977799841230435396e-01
3.200000000000000000e+02 3.433924064766988522e+03 1.100494979459709981e+02 2.476867379458710661e-01 1.270815690346706361e+02 2.691833459456162148e-01 1.229475667324472710e+01 -8.145262532064153627e-01 -9.381843828507643313e-01 1.177957094376186481e-01
3.290000000000000000e+02 3.197969906513047135e+03 1.199125135805636546e+02 7.233386583060187114e+00 1.395545436187782400e+02 8.405191100266433679e+00 1.550145802950770957e+01 -4.473282855027386207e-01 -5.207057550591770445e-01 2.188205197301703875e-01
3.380000000000000000e+02 2.867441772986729575e+03 1.019425659519494332e+02 1.351218352081288820e+01 1.196674171632856911e+02 1.586284686042065140e+01 1.616200160294231125e+01 8.375301742320151455e-01 9.828568878594595715e-01 6.436907066289787593e-01
3.470000000000000000e+02 2.518142622219828809e+03 8.113226190634372870e+01 3.571429180946060988e+00 9.603725130048606218e+01 4.223359415464873479e+00 1.568453152755543556e+01 -5.275682965039409922e-01 -6.229269525185984202e-01 4.678708098198183785e-01
3.560000000000000000e+02 2.383360611416263055e+03 7.707996988716611497e+01 4.117274224569235308e+00 9.204935626308477481e+01 4.915456142272733864e+00 1.902117601731779217e+01 2.080112745174401145e-01 2.485168916702738817e-01 -7.092093076462311352e-01
3.650000000000000000e+02 2.214194470049309075e+03 5.115069014895108523e+01 -7.473861364932609108e-01 6.160037319008909407e+01 -8.920883402135382223e-01 1.831722414076219607e+01 -6.142274907859320843e-01 -7.397598117290865583e-01 -4.232151167844435680e-01
3.740000000000000000e+02 2.061439661588178751e+03 5.335250759330272530e+01 6.809661262349531619e+00 6.486879704217042786e+01 8.260857979297673737e+00 2.076555621690757647e+01 -3.342305735636810216e-01 -4.093185360332181610e-01 1.016032387630079636e+00
3.830000000000000000e+02 1.914973238561669405e+03 3.346585108541759013e+01 6.204166603297451843e+00 4.105731166290885881e+01 7.603121439535846626e+00 2.263586317485910371e+01 9.376422061136450159e-01 1.149549871976428328e+00 4.231849206174009836e-02
3.920000000000000000e+02 1.812798781280724825e+03 1.898250502064970036e+01 5.509782377844890000e+00 2.353523116342753241e+01 6.840071671805114661e+00 2.230192096847197902e+01 2.994987071259622505e-02 3.701828038845405427e-02 5.175150144927216367e-01
4.010000000000000000e+02 1.760191894218700781e+03 -2.347758945467985914e+00 4.431430560908864891e+00 -2.897677499524722311e+00 5.545073036358157736e+00 2.167249340667124358e+01 -1.261833366461398431e-01 -1.574293867530954238e-01 9.874615102759438656e-01
4.100000000000000000e+02 1.760772365232130142e+03 -2.289092736299640762e+01 -3.773849241578026259e+00 -2.891226109437759106e+01 -4.750764081442274467e+00 2.010827007676514100e+01 1.055563877152918550e+00 1.332153774052555750e+00 9.953504762614332479e-01
4.190000000000000000e+02 1.758659492357008958e+03 -3.109386947323460859e+01 6.926682067932530273e+00 -3.969499598372611615e+01 8.844468586260113341e+00 1.929463469034268996e+01 2.335347380415433716e-01 2.982433911118815839e-01 1.383690270215597984e+00
4.280000000000000000e+02 1.797875421204757231e+03 -4.539807717939501686e+01 -2.259541985924393703e+00 -5.856562261557884597e+01 -2.920214155630143082e+00 1.991551606286091314e+01 -5.706933144453629758e-01 -7.374856495344660479e-01 4.342207645856072107e-01
4.370000000000000000e+02 1.795570486206732539e+03 -5.821548215096410672e+01 1.118144387308511334e+01 -7.591922861635339359e+01 1.456070651679277361e+01 1.976175847557620813e+01 -7.693994799614837232e-01 -1.005451665624741420e+00 -2.910362288937041741e-01
4.460000000000000000e+02 1.887251362129241443e+03 -5.874079643966615549e+01 5.358854083733034512e-01 -7.743584338905714048e+01 7.243299000799381382e-01 1.809868598968152043e+01 5.774156166761085229e-01 7.604090323596797152e-01 1.913149023692948536e-01
4.550000000000000000e+02 2.074653640480632930e+03 -7.427914122329842428e+01 4.294701404891286600e+00 -9.900425831794727571e+01 5.753275633776283371e+00 1.632142926838177743e+01 2.594319349082769288e-01 3.501149056777856927e-01 1.906122305664047500e+00
4.640000000000000000e+02 2.248896270541234117e+03 -7.851600021052831835e+01 3.589491940858461572e+00 -1.058732304171585525e+02 4.807991729711198481e+00 1.402548471343335024e+01 -4.441981645490808428e-01 -5.954030774319633013e-01 1.250119325677860882e+00
4.730000000000000000e+02 2.206852771526107063e+03 -7.247687713296471657e+01 1.247531757958299892e+01 -9.883598360889379819e+01 1.702583741482881763e+01 1.169212932482681211e+01 -9.237854610346895035e-01 -1.265996873969234882e+00 2.286807652935511470e+00
4.820000000000000000e+02 2.353052441358313445e+03 -7.451889383343704765e+01 5.587786600504381695e+00 -1.028585141562545573e+02 7.731200951864710902e+00 1.022464089564236467e+01 -3.155319872656586755e-01 -4.385992255372131443e-01 -3.453494117923423534e-01
4.910000000000000000e+02 2.444497537672103135e+03 -6.169793945996708828e+01 2.865797342418744620e+00 -8.621467801189027114e+01 4.000958022275116654e+00 1.003401911209595276e+01 -2.959393781510424315e+00 -4.140687265810232276e+00 -1.426980273430780363e-02
5.000000000000000000e+02 2.475047164305442948e+03 -5.728242027512408185e+01 3.263646122706879371e+00 -8.093795267598743237e+01 4.619578311944238180e+00 8.511731368532936770e+00 -2.383514166712548399e-01 -3.471578786161895747e-01 1.111287760629130483e+00
5.090000000000000000e+02 2.604429152963290107e+03 -4.401916361959813884e+01 5.129227811180827601e+00 -6.302526727312387322e+01 7.332126742311738887e+00 8.616138179476429571e+00 6.882822208980612366e-01 9.800102444853691086e-01 7.139820676312464975e-01
5.180000000000000000e+02 2.583826866891793088e+03 -4.891152332224649513e+01 6.135471947798984971e+00 -7.089827405026237273e+01 8.905125176954491906e+00 7.698070372201838651e+00 4.874480181188972638e-01 7.047687534965323408e-01 -3.119980457672308360e-01
5.270000000000000000e+02 2.603661812274212934e+03 -2.619678438155390765e+01 -4.237236992104259414e+00 -3.848592793421273228e+01 -6.220530208716736453e+00 6.214336798454684896e+00 4.067268211409181267e-01 5.903390094729252802e-01 1.907405101279221471e+00
5.360000000000000000e+02 2.550476453255728757e+03 -2.719250661535983937e+01 6.554762770255409876e+00 -4.043211644484349421e+01 9.746267873838849738e+00 9.810582772877749491e+00 1.323766284690753636e+00 1.967094785569311277e+00 2.726429257304540332e+00
5.450000000000000000e+02 2.548176398011448327e+03 -1.262810777602286372e+01 -4.426330036491581410e+00 -1.902641999844618326e+01 -6.642584133332221974e+00 9.009111391179247974e+00 -3.947505732981381188e-01 -5.807406773698207125e-01 1.726662900926088762e+00
5.540000000000000000e+02 2.594436903410231480e+03 2.070008925563817215e+01 4.942506982659349291e+00 3.169471661923982708e+01 7.603781880122328474e+00 9.386596486858593380e+00 -3.237877103313355209e-02 -4.955077911649485856e-02 -4.505854815896366272e-01
5.630000000000000000e+02 2.573579529551398991e+03 1.746743726336945457e+01 1.014723659572020864e+01 2.704633260131088335e+01 1.570525715996748062e+01 6.933002610697286627e+00 5.775155410230651404e-02 9.398647441029082950e-02 1.961268576260811081e+00
5.720000000000000000e+02 2.438209073831016212e+03 1.872243358340462294e+01 2.842650475054893988e+00 2.943196488004289435e+01 4.444851733622524392e+00 1.351116272825293940e+01 -2.982586138677076448e+00 -4.681419358881973913e+00 1.467786257186947552e+00
5.810000000000000000e+02 2.438367728507114862e+03 2.521929008813462048e+01 6.504576338452349837e+00 4.016250624356430876e+01 1.037750903295381910e+01 1.570632575644539664e+01 1.176278508939962553e+00 1.876543954761826560e+00 -6.249791429347414384e-01
5.900000000000000000e+02 2.402121169372812801e+03 2.995974614850026185e+01 1.285189600051599790e+01 4.842921937172396696e+01 2.079866520281997566e+01 1.653678531057750334e+01 2.600775599677767502e+00 4.218051147428060865e+00 1.827328820965751666e+00
5.990000000000000000e+02 2.233470152354479069e+03 2.971262046025277215e+01 1.308034768523881830e+01 4.870915976798566760e+01 2.151423703729938097e+01 1.797819640759668403e+01 -1.210658904027643423e+00 -1.978516708638166532e+00 2.376606305783793616e+00
6.080000000000000000e+02 2.150122544040083085e+03 3.644735179213088827e+01 3.083583563176872211e+00 6.068733525402261364e+01 5.183460493785026379e+00 2.405040231317211408e+01 -4.987998868697545163e-01 -8.379636068059236331e-01 1.254245770979849128e+00
6.170000000000000000e+02 2.167082735825455529e+03 3.544318477909249054e+01 7.850793159733253646e+00 5.983875811078691243e+01 1.328468092316725979e+01 2.793945586078038801e+01 -1.799529804093384477e+00 -3.044129341165134672e+00 2.868012622797441846e+00
6.260000000000000000e+02 1.977499564066169114e+03 1.084652268427402610e+01 1.030209080247414377e+01 1.862076151177753047e+01 1.765146033899767986e+01 2.254023723121015621e+01 2.137063874073786618e+00 3.643694883680489660e+00 -9.823647362107009728e-01
6.350000000000000000e+02 1.963292265828272093e+03 3.589187407337061320e+00 -5.000640899527131200e-01 6.286418137501245340e+00 -9.116343847818355606e-01 3.094397236789647820e+01 1.993669232751780207e+00 3.496218571423265420e+00 -7.259169976742335662e-01
6.440000000000000000e+02 1.890196390297161543e+03 -2.912080917799782398e+00 -1.752573591721556134e+00 -5.097962361193304481e+00 -3.052794680973631269e+00 3.252342764256440688e+01 6.617958838343052097e-01 1.164103704623957292e+00 -1.404884782797704457e+00
6.530000000000000000e+02 1.881941931983466930e+03 -2.020911234752767882e+01 -1.064182019488847608e+01 -3.636607951652838011e+01 -1.907547335568701286e+01 3.557690658942511419e+01 1.173409490439879077e+00 2.098028802130356141e+00 -1.495562715197455095e+00
6.620000000000000000e+02 1.877934432060934796e+03 -3.322347201940581840e+01 5.156402077652168181e+00 -6.075379126352876114e+01 9.365222150186559347e+00 3.321012292536878618e+01 3.168960210328642724e+00 5.808728895454341234e+00 4.914131233899705076e-01
6.710000000000000000e+02 1.851399194317803904e+03 -4.119359152866696405e+01 -1.284015781452648941e+00 -7.650637595822098547e+01 -2.390326221595149736e+00 3.415025042892455076e+01 4.975109325174549846e-01 9.183977723901686208e-01 1.900226127175422164e+00
6.800000000000000000e+02 1.794704358355615341e+03 -6.945207315916096036e+01 6.874148857224238185e+00 -1.310949184193114547e+02 1.297668884364051678e+01 4.172766936985548369e+01 2.002289492293290785e+00 3.752449411030339910e+00 3.811599661387488069e+00
6.890000000000000000e+02 1.852543729614691074e+03 -8.537904385008181407e+01 1.137815100813054592e+00 -1.639988113479051037e+02 2.196446550600592573e+00 3.989197118768652217e+01 2.435938509843206035e+00 4.692973844577362996e+00 -3.084998730808862444e+00
6.980000000000000000e+02 1.915895259197561700e+03 -8.772080168206220208e+01 1.090666054714370858e+01 -1.712859077847396634e+02 2.132856475441396782e+01 3.963023411913562200e+01 1.200938917011290102e-01 2.330028002767272899e-01 -1.179935077857543035e+00
7.070000000000000000e+02 1.922871435703999623e+03 -1.025351491275722680e+02 1.276626442286110041e+01 -2.036901061256743333e+02 2.542709640260382642e+01 3.293808553017027663e+01 1.174060439329680072e+00 2.314569586628444586e+00 -1.435803389628391935e+00
7.160000000000000000e+02 1.939644664528515705e+03 -1.004350364324797624e+02 -4.804379445504365798e+00 -2.030899796340827095e+02 -9.808721801327406453e+00 3.621229852709080177e+01 7.182744597195867442e+00 1.452782074771062426e+01 1.367337239979380614e+00
7.250000000000000000e+02 2.029855432301329984e+03 -1.225831008899196490e+02 7.509563153435850680e+00 -2.523310265709243367e+02 1.549399722156262449e+01 3.707313858358304515e+01 -4.147709762158672930e+00 -8.538282213548317401e+00 -7.836885978695081079e+00
7.340000000000000000e+02 2.085032175959000597e+03 -1.342222690846403452e+02 8.201567906719683165e+00 -2.813422110334192894e+02 1.714266142331224785e+01 3.437874012583224470e+01 -4.242034904195523204e+00 -8.932322951464717775e+00 8.329247731145451583e-01
7.430000000000000000e+02 2.220402939199466800e+03 -1.236896322485194020e+02 5.344558417047414522e+00 -2.638743020894003735e+02 1.144221533262390267e+01 2.834384848584936023e+01 -4.607658827074252450e+00 -9.862099261014581231e+00 1.565591248531605639e-01
7.520000000000000000e+02 2.302877128692587576e+03 -1.336630699702079994e+02 1.988101155268611819e+01 -2.904969457122969061e+02 4.315736263978537579e+01 2.248962571185053960e+01 -3.726999327861142852e+00 -8.095053936647341075e+00 9.323547300035287533e-01
7.610000000000000000e+02 2.390230846249019578e+03 -1.173014275521479703e+02 1.958745579970167938e+01 -2.595897185488009882e+02 4.304766711072499419e+01 2.422209278019273881e+01 4.717445816172841866e+00 1.044511788892773474e+01 -4.242615071261938708e-01
7.700000000000000000e+02 2.390786900909809447e+03 -1.119891396284764795e+02 1.353408824902618690e+01 -2.526203573639645015e+02 3.060254259986932723e+01 2.077469263918961317e+01 -2.592447441508906714e+00 -5.810001889105848250e+00 1.987581541021102034e-03
7.790000000000000000e+02 2.396551601435550310e+03 -8.442867065114505465e+01 1.579500946041047982e+01 -1.939766586101346206e+02 3.632506757247914919e+01 1.615237354573463691e+01 4.766724803394361665e+00 1.092415339071340874e+01 3.918172136534575412e+00
7.880000000000000000e+02 2.523067358963778133e+03 -1.087710759491354509e+02 -2.040801573551974446e+00 -2.548130586009982608e+02 -4.853047533835652239e+00 1.870103653924309484e+01 -5.677369137413571742e+00 -1.335560619856061493e+01 -4.653656568341716926e-01
7.970000000000000000e+02 2.515316836709077052e+03 -8.235552090494439881e+01 1.217417154953547254e+01 -1.966433335215715772e+02 2.887467243100619996e+01 1.211383047656637046e+01 -1.119549682975205851e+00 -2.643698308381225548e+00 2.204023544542387802e-01
8.060000000000000000e+02 2.533765788174389400e+03 -7.269454854539442579e+01 2.295817588906729156e+01 -1.771229608098889798e+02 5.598034386491786307e+01 1.713195504739943686e+01 3.318654946430058761e+00 8.105651003032052770e+00 4.445794704297810540e+00
8.150000000000000000e+02 2.585832222037484826e+03 -4.671554140937450939e+01 1.674846180031345000e+01 -1.163034578843371776e+02 4.168757848450992753e+01 1.551764437296645127e+01 1.628761417926593680e+00 4.050167382393977000e+00 7.355970227241251713e+00
8.240000000000000000e+02 2.563888272561490794e+03 -5.581761094777989030e+01 1.651275785732314316e-01 -1.413906958939587639e+02 9.797955500524659078e-02 1.856171048073843366e+01 -1.335559257214916862e+00 -3.328643397610766996e+00 9.637715759006546534e-01
8.330000000000000000e+02 2.538610314179147281e+03 -2.181257091455255193e+01 1.866350656562694610e+01 -5.630401208499395693e+01 4.816154633087777626e+01 1.030921897913171215e+01 2.155427296671848847e+00 5.658082060179834727e+00 1.876202310094725156e+00
8.420000000000000000e+02 2.543054953787682734e+03 -8.796825114657488953e+00 2.728667236893384995e+01 -2.339105965678038501e+01 7.205932155994560162e+01 1.877845223830162169e+01 4.001243084407062334e+00 1.062961236191089220e+01 2.274376769441246005e+00
8.510000000000000000e+02 2.431847324184348963e+03 -7.106678650208642090e+00 2.111141498491467061e+01 -1.941682459107950010e+01 5.689491456523891344e+01 1.111406646083564453e+01 1.056806477731684346e+00 3.023761778269814293e+00 4.172565030591895763e+00
8.600000000000000000e+02 2.391069515513419901e+03 3.088093202298360929e+00 6.088258318484922604e+00 8.791840533746608344e+00 1.703286340078775751e+01 1.750524983167053605e+01 -7.495428350198264644e-02 -1.229859236635613418e-01 1.274324975816740313e+00
8.690000000000000000e+02 2.260891955602264716e+03 3.393519818494524998e+01 9.558164781341695004e+00 9.541356732368434734e+01 2.674763872515534047e+01 8.630275243237123917e+00 9.037069696481291325e-01 2.571872744031052704e+00 3.567224532639767798e-01
8.780000000000000000e+02 2.211141804766665700e+03 5.541624558527376365e+01 2.620318539959405157e+01 1.590888262134124318e+02 7.526870911140586884e+01 2.134923511521803263e+01 2.286659377349430589e+00 6.593018856087744517e+00 2.023914845160113885e+00
8.870000000000000000e+02 2.115386600396107497e+03 3.885525922899952889e+01 2.850498016451206951e+01 1.144790268541243563e+02 8.450595110260752563e+01 2.507505992642650838e+01 4.016623613558821582e+00 1.192454280920043175e+01 -6.427664302282876108e+00
8.960000000000000000e+02 1.988239550647466103e+03 7.312882519419798655e+01 -1.405710597080231272e+00 2.195200881428937123e+02 -4.079475305380204198e+00 1.862096129118035748e+01 -9.461201274418433727e+00 -2.833204150634309570e+01 -2.245241169258805236e+00
9.050000000000000000e+02 1.906913747035966253e+03 6.446067404882485619e+01 2.116455339696434734e+01 1.981523033526562756e+02 6.477463004791565027e+01 2.243474964217467971e+01 -3.715079670629559683e+00 -1.143411395970780831e+01 1.770488170029148156e+00
9.140000000000000000e+02 1.786939492827822733e+03 6.370330043962136557e+01 4.144556467562271962e+01 1.998964116202993750e+02 1.303009579712178265e+02 2.042651373478271992e+01 5.588494848720772623e+00 1.754431591445128547e+01 7.543676453468195486e-01
9.230000000000000000e+02 1.667941672348151315e+03 7.593317578187615879e+01 -7.181720636005967329e+00 2.439520748928728437e+02 -2.290844922555113783e+01 3.844360826114080965e+01 4.554884646293656303e+00 1.489397153142320818e+01 -1.986935442216426262e+00
9.320000000000000000e+02 1.604721713488920841e+03 6.192085348816466706e+01 6.001357168139505482e+00 2.036847005387894853e+02 1.949564323995217308e+01 2.586619619708641338e+01 -5.306427952240074575e+00 -1.742536494522603618e+01 -5.175116436698575129e+00
9.410000000000000000e+02 1.486877796103110541e+03 4.769061756740295976e+01 2.289864231135163664e+01 1.604132412892399202e+02 7.658195482740063653e+01 3.660374352343254145e+01 -6.220111966682382310e+00 -2.079425571564485864e+01 3.274989809443630051e+00
9.500000000000000000e+02 1.398094286227813427e+03 5.353221606633533725e+01 1.038438115856074262e+01 1.848509337601211371e+02 3.628467690237375365e+01 3.546368539883170001e+01 3.309660560011919994e+00 1.141552001708273067e+01 8.426112967789077146e+00
9.590000000000000000e+02 1.345154486296098412e+03 2.860422580632901557e+01 2.122546945016576814e+01 1.005831120738557587e+02 7.445640140610531432e+01 4.432801398271224258e+01 5.938596928437195999e+00 2.077614840934485585e+01 8.897912079144781217e+00
9.680000000000000000e+02 1.276140440891476828e+03 2.155986198432343670e+01 6.521212842335370574e+00 7.789641272124129046e+01 2.344318832970689925e+01 4.206414243978873913e+01 1.069903286456231761e+01 3.868929714760874816e+01 9.490717039678630229e+00
9.770000000000000000e+02 1.182525778042391721e+03 1.014890334679039974e+01 1.445859426853943219e+01 3.750753184277005658e+01 5.349102483712172784e+01 4.569232890736009267e+01 -8.324071514473386557e+00 -3.069050005467422082e+01 -3.929177531735364326e+00
9.860000000000000000e+02 1.141260467446142684e+03 1.425392797530929201e+01 2.829930242483602854e+01 5.359008780806492211e+01 1.068418859555310547e+02 2.892807288253362685e+01 1.298938589803012356e+01 4.935303503880324882e+01 -2.127155494014911774e+00
9.950000000000000000e+02 1.127304164109533531e+03 -2.177841685399478777e+01 2.058405662002411063e+01 -8.469199166040928617e+01 7.967433879428936905e+01 5.100736874704708157e+01 2.463618998414466077e+00 9.629725848809210120e+00 -1.058446873072795569e+01
1.004000000000000000e+03 1.077287709377255851e+03 2.260166600812113513e-01 1.041722094162021151e+01 9.041115541653554910e-01 4.183370067660879954e+01 4.036899455662256031e+01 -8.021764430529399803e+00 -3.174745008836827509e+01 2.974519913388046444e+00
1.013000000000000000e+03 1.128137130235214045e+03 -5.162951860233784629e+01 6.097514193781567116e+00 -2.103022658215604395e+02 2.495716914250973772e+01 4.647724372966617779e+01 1.274860472341651274e+01 5.162123119228338908e+01 1.798880553452085707e+01
1.022000000000000000e+03 1.082509677329950819e+03 -3.836600391695628076e+01 5.933250711830647894e+00 -1.598119152910439595e+02 2.485271507121279200e+01 4.050173881429384437e+01 -4.044656690800396248e+00 -1.633652568094654711e+01 -5.886528423605249749e+00
1.031000000000000000e+03 1.097913559931973168e+03 -5.763765545516108801e+01 1.192988831372252179e+01 -2.466892584330708473e+02 5.183142762499564071e+01 4.531942791883482613e+01 -1.042003603126016387e+01 -4.484603736287046161e+01 -1.956039588390872552e+01
1.040000000000000000e+03 1.119896822278058380e+03 -6.071201727944308857e+01 1.615243544266714437e+01 -2.670444631064106602e+02 7.175111083040390270e+01 3.593816878009360494e+01 -6.301849140081490219e+00 -2.770100541285158613e+01 3.817306867953480509e+00
1.049000000000000000e+03 1.138831180653153751e+03 -6.258102294835168777e+01 1.155460879334365387e+01 -2.825666872200570765e+02 5.229272828472724655e+01 3.578400170560501437e+01 1.878725534227861704e+00 8.701122296260775713e+00 -7.022250888838886818e-01
1.058000000000000000e+03 1.180203995925966410e+03 -1.077010345047746398e+02 -6.453337220680348985e+00 -4.986287364668777400e+02 -3.045381267729278107e+01 4.344836290674977164e+01 4.231140127194169764e+00 1.924238798520148919e+01 -2.132886137021079165e+01
1.067000000000000000e+03 1.161922765623754913e+03 -7.649402454799917450e+01 7.576331913979195143e+00 -3.642695725119644976e+02 3.696488305134356267e+01 4.111625130237494830e+01 -8.079816356663126697e+00 -3.831967981849329874e+01 7.084783891812969081e+00
1.076000000000000000e+03 1.211990791544364811e+03 -8.138066770630194924e+01 3.254826305048432999e+01 -3.979582156769430412e+02 1.594667616756393898e+02 3.926979309425019693e+01 1.928250703120439447e+00 1.041733978817594242e+01 4.578965937805960174e+00
1.085000000000000000e+03 1.248374224975720153e+03 -4.947117033524445873e+01 8.034449684862902785e+00 -2.483740373224194116e+02 3.956793754344222691e+01 1.816049638337653960e+01 1.420971361835392743e+00 6.633387625374854935e+00 -6.065472499405131224e+00
1.094000000000000000e+03 1.258114356110040490e+03 -7.346134983746158298e+01 2.900972910538316896e+01 -3.790051668178693376e+02 1.498322076946133734e+02 1.871289600415503784e+01 2.937315017332707612e+00 1.503809890816760131e+01 -7.317572245222606853e+00
1.103000000000000000e+03 1.285974790165871127e+03 -6.679535605856897007e+01 8.914326314308386401e+00 -3.536392519807275789e+02 4.707879330520477623e+01 1.410638654508288781e+01 6.277521512085148636e+00 3.402840932129446827e+01 -1.489567060131721199e+01
1.112000000000000000e+03 1.286118340773496129e+03 -6.541872818813048696e+01 3.738483738297573922e+01 -3.560253499076308685e+02 2.040301907257823757e+02 1.896733435687789626e+00 1.163549902962530247e+01 6.391956941158844074e+01 4.237640324922168134e+00
1.121000000000000000e+03 1.301047683094586318e+03 -4.104095353885034569e+01 1.132399223284958190e+01 -2.294233403743386077e+02 6.286085281481506115e+01 -2.101063863206731952e+01 -8.708181633319850290e-01 -5.211757520784436437e+00 2.472041475603949490e+00
1.130000000000000000e+03 1.301616735083588765e+03 -4.916785526062582790e+01 2.060556061359149638e+01 -2.828046268261450109e+02 1.170768519968395793e+02 9.572736007903122513e+00 5.488180199233501533e+00 3.045629886557763299e+01 7.342316194171432997e+00
1.139000000000000000e+03 1.285233279936447389e+03 -5.800229005364376889e+01 2.105661168074822598e+01 -3.436546644372203332e+02 1.239630444520351915e+02 4.793647464220028098e+01 5.564813821520800730e+00 3.288712216496765706e+01 5.159990035296612376e+00
1.148000000000000000e+03 1.249938114504636360e+03 -3.526517365806144966e+01 2.989036805502511740e+01 -2.169211457905631164e+02 1.799886400857345450e+02 -9.870415891055408508e+00 3.773346056700713103e+00 2.328775312301540268e+01 -5.807737259786178718e+00
1.157000000000000000e+03 1.267573482899217197e+03 -2.558786688217669081e+01 2.743203261580981689e+01 -1.602666244241493132e+02 1.723743742686876601e+02 7.451858365501056625e+00 2.285220157395328400e+01 1.421845178062089872e+02 -6.701894285489137459e+00
1.166000000000000000e+03 1.214709594647486256e+03 -3.626761118193646638e+01 1.752728969614403942e+00 -2.344697268661849421e+02 1.069102383854349547e+01 7.059936840313623563e+00 -3.059040670105632387e+01 -1.976518782437467223e+02 4.524361933939429647e+00
1.175000000000000000e+03 1.185001459832513774e+03 2.775657628741404093e+00 -4.515748789011189146e+00 1.993823910327192550e+01 -3.007897216984597932e+01 1.061882896334254944e+01 6.256055093156206226e+00 4.131046877473667678e+01 4.238191348985638029e+01
1.184000000000000000e+03 1.199505582270382320e+03 -1.013419329940857061e+01 1.563460353637078804e+01 -6.844907997720744675e+01 1.054495524203284447e+02 -1.334615453933093576e+01 3.507690659772175312e+00 2.528294503722438336e+01 -2.891412708498288797e+00
1.193000000000000000e+03 1.131977624963451490e+03 1.326735369954559118e+01 1.088782635018336276e+00 9.230548622757720523e+01 7.655154941949579239e+00 3.707554221128569338e+01 3.780089364226698478e+01 2.656811883989545322e+02 1.046248387353042375e+01
1.202000000000000000e+03 1.070536320186126432e+03 -4.573017250697262170e+00 3.114189973556252866e+01 -3.503399823812945613e+01 2.256711339337713866e+02 9.917469685649034972e+00 1.856504097484976912e+00 1.433757519228554855e+01 5.008731504728147144e+01
1.211000000000000000e+03 1.059743934994303572e+03 -2.115667509629348331e+01 4.204439628706823129e+01 -1.593801418270848842e+02 3.147125922219231029e+02 9.039275528867758425e+00 1.519435616818437751e+01 1.137047861496106265e+02 3.200508809389764764e+01
1.220000000000000000e+03 1.015362504559688887e+03 2.012967886182284261e+01 1.767117008992012472e+01 1.551027328782539882e+02 1.344867006570875674e+02 3.915468617338254376e+01 2.710352718673546235e+01 2.105738241291727491e+02 -2.977317112832933432e+01
1.229000000000000000e+03 9.809058367977880835e+02 -1.009795529912031853e+01 2.205016199937564281e+01 -8.104304574096916269e+01 1.775215118441870175e+02 -3.629712066459226394e-01 2.200475051906233404e+01 1.729000704196497793e+02 -1.178264091113638834e+00
1.238000000000000000e+03 9.253389008123579060e+02 -8.614425363515402223e-01 3.474696322979033081e+00 -7.218390556149541837e+00 3.131395293210020370e+01 -5.860837587322574649e+00 -3.942453106171334554e+01 -3.230851327682771057e+02 -2.195339042445942823e+01
1.247000000000000000e+03 9.082667090950142210e+02 2.500013362395812067e+01 -1.346036116614126144e+01 2.091113279639199618e+02 -1.139335828268298343e+02 6.354958273260454860e+01 6.776306438659742071e+01 5.732161962837885767e+02 1.819089997203157694e+01
1.256000000000000000e+03 8.471742460199849347e+02 -1.435259708655421385e+01 -3.437048146222827505e+00 -1.239427385786340068e+02 -3.477388800654049561e+01 -1.640118393108966455e+00 2.079382628016206525e+01 1.823171399567495996e+02 2.133789513100632806e+00
1.265000000000000000e+03 8.783184793933990022e+02 -8.397964224791941490e+00 -1.360881895598460467e+01 -7.519033875152165081e+01 -1.231300635174986127e+02 2.835388496662463709e+01 -4.048985240686084808e+01 -3.678765618218850477e+02 1.859371229996775554e+01
1.274000000000000000e+03 8.329487587765177068e+02 -1.329473146357203817e+01 -2.572806166276867401e+01 -1.196983545767618295e+02 -2.397342869039819391e+02 5.816598401851969413e+01 -7.937138240527880306e+00 -7.591446089514765561e+01 2.574307952227015139e-01
1.283000000000000000e+03 7.984508420083049032e+02 -8.479853209467684394e+01 -1.423189693101811137e+01 -8.151158585112684705e+02 -1.360144162437706825e+02 3.123378974717261158e+01 4.297081627844686125e+01 4.149038875690142163e+02 1.552320483402744244e+01
1.292000000000000000e+03 8.105243418384577581e+02 -4.913982101967241611e+00 3.004543416718199111e+01 -5.035473234230768469e+01 2.984550188847169920e+02 2.239036559915791713e+01 -6.893966390151605061e+00 -6.951536109210806558e+01 3.601919213780487894e+01
1.301000000000000000e+03 7.697942568973408015e+02 -5.754271876201822522e+01 4.762563539026209014e+01 -5.938084244373660567e+02 4.876769755249600280e+02 -4.517276683421459182e+01 1.652681469250015667e+01 1.627699333595222981e+02 -3.285445641691216423e+01
1.310000000000000000e+03 7.456921821164354469e+02 -8.563782431654179561e+01 6.221963761765376688e+01 -9.066115613019709372e+02 6.582570922133437534e+02 -4.478248719627647034e+01 6.682146248811973166e+00 7.147407404992229374e+01 3.236999011061678289e+01
1.319000000000000000e+03 8.311095157685974755e+02 -6.695655368251640027e+01 1.148170685371705346e+01 -7.337649042187355235e+02 1.319983479023147197e+02 4.326213417834441799e+01 -2.659107789495816832e+01 -2.902712595650316416e+02 -3.065687707417972163e+01
1.328000000000000000e+03 7.697205084996380720e+02 -5.430539394521387919e+01 -4.170476896261371280e+01 -6.152589759242808896e+02 -4.717747071402210395e+02 3.845639626503748332e+01 6.514701770745692500e+01 7.420710957833787234e+02 3.026080772411338060e+01
1.337000000000000000e+03 7.348220719848743556e+02 -5.917055497229791428e+01 7.211626725074653166e+01 -6.914630973550823683e+02 8.483843136765340205e+02 2.035237139056867406e+01 4.234052843700200697e+01 4.993143117865264458e+02 4.480902288988368554e+01
1.346000000000000000e+03 7.801443408083297300e+02 -9.499672017410392755e+01 3.488076871942872970e+01 -1.148045894701032921e+03 4.276661294461919169e+02 8.013830011632673234e+01 -3.222755013298415960e+00 -4.187925587675865557e+01 -4.839965122109212814e+01
1.355000000000000000e+03 8.289880947895599093e+02 1.187677266932613662e+01 2.228363239175746457e+01 1.514720956176828395e+02 2.776817658808504348e+02 3.498018263640113190e+01 5.589304459592220553e+01 7.023097432760582706e+02 3.437753435020234605e+01
1.364000000000000000e+03 8.587591246284586077e+02 -7.522949233370275657e+00 2.566551128773726820e+00 -9.962430356790656560e+01 2.916189586585942806e+01 -6.548905736513522591e+00 5.081718140256727168e+01 6.579598101966671493e+02 6.707228813561827963e+01
1.373000000000000000e+03 8.384898899904020482e+02 -8.262435239776368689e+01 1.489171358482059304e+01 -1.119504422149604125e+03 2.013320266520938162e+02 1.077249818748270513e+02 2.875450075067049482e+01 3.963898052073095073e+02 6.275774236159155350e+01
1.382000000000000000e+03 9.116193786006062965e+02 -4.604016619441583202e+01 1.341069101531969743e+01 -6.363997274600483252e+02 1.793845077503696359e+02 4.738421799993147943e+00 -2.135986483614475517e+00 -3.408492145057506661e+01 -3.374295716440989423e+01
1.391000000000000000e+03 8.779509958406830492e+02 8.566880048680383553e+00 3.832795889350376939e+01 1.296651474339290360e+02 5.415414947279642774e+02 -3.371152151774563777e+01 2.466460782554622000e+01 3.501120473980357133e+02 4.970050387526047331e+00
1.400000000000000000e+03 9.352036802620621074e+02 -2.880529380193652500e+01 4.757083983187369114e+01 -4.211490500709952585e+02 7.079495753284339798e+02 -2.343900133948090314e+01 -5.420096106768681921e+01 -8.069603981428793986e+02 3.792896128020078805e+01
1.409000000000000000e+03 8.892823295362298950e+02 -1.184704709768175945e+02 -1.756230910725923167e+01 -1.839650983628428094e+03 -2.774128749095253283e+02 7.629592235598829575e+01 -1.488953325559102048e+01 -2.153792606142127966e+02 -2.832592937171228620e+00
1.418000000000000000e+03 8.562087981734141522e+02 -6.509285118069522014e+01 4.893992427664775136e+01 -1.039870436977304962e+03 7.930853087782543298e+02 9.301910356779548295e+01 -5.261566064413715793e+01 -8.708311828443669356e+02 7.160496084171664677e+01
1.427000000000000000e+03 9.467186712455186353e+02 -4.575260948557089336e+01 -3.664348607186568074e+01 -7.597184331822193144e+02 -6.022559380582282529e+02 4.721958706934736405e+00 -3.550635995176774085e+00 -6.229150381975740913e+01 -2.699722234882578675e+01
1.436000000000000000e+03 8.665117018940979960e+02 -1.062246872398128659e+02 -1.637682812902919949e+01 -1.837227464038008293e+03 -2.859761671284554154e+02 -4.600762995672673838e+01 1.879044470710190851e+01 3.151233625107039984e+02 2.314064439095610659e+00
1.445000000000000000e+03 8.433757768021886250e+02 -5.544984516273251529e+01 -6.218221996554873954e+01 -1.002617497032463575e+03 -1.127184062369930189e+03 -5.579015344025621204e+01 6.631629387942840026e+01 1.173194700547041066e+03 2.386791819595642323e+02
1.454000000000000000e+03 8.733328197652188010e+02 3.463551543460789084e+00 -4.833105675760681841e+00 6.144472625583912873e+01 -6.988858262205384619e+01 -2.306418305122238621e+01 1.861450901633270405e+01 3.322096698338289116e+02 1.842508630419672500e+01
1.463000000000000000e+03 8.858864189249195533e+02 2.272058444749071171e+01 8.675246889068613143e+01 4.438066735506309897e+02 1.679143005347638109e+03 -2.675065903450679983e+01 3.367957563673564358e+00 4.269921492896438764e+01 2.637189803026422297e+01
1.472000000000000000e+03 9.073695924481978636e+02 2.587737215895145226e+01 -1.291441266500214269e+01 5.240342047656026807e+02 -2.717943444769523467e+02 -2.493576867195605189e+02 7.496652671502159748e+00 1.254442592796840472e+02 9.268195383602753168e+01
1.481000000000000000e+03 8.410457573820034440e+02 -1.372188223917761434e+02 -3.597266757133009207e+01 -2.844873404108402610e+03 -7.462329458532025228e+02 -3.982415702051964246e+01 7.043880151973770865e+01 1.443426693647729053e+03 3.835072615856497436e+01
1.490000000000000000e+03 9.009494396511605601e+02 -3.250598011811072041e+01 4.242305752137669117e+01 -7.119755974223976409e+02 9.118963363481626629e+02 3.396228650661609549e+01 -1.488283176252489284e+02 -3.186237121306652170e+03 -2.045490750719359028e+02
1.499000000000000000e+03 7.916395329748701215e+02 -3.166793817906602015e+01 -4.131954416029316235e+00 -7.564625055481509435e+02 -8.761911949128069921e+01 -1.229512675243420716e+01 -1.254759523716973035e+02 -2.763141029953671023e+03 1.915974324005975404e+02
1.512000000000000000e+03 7.272628128588929712e+02 3.087533262296052072e+01 -9.765137886875288586e+01 7.323115141229694700e+02 -2.296888120832802542e+03 8.654416230083454309e+01 -3.532338625785915553e+01 -8.575517617154589516e+02 -1.782524544432260711e+02
1.529000000000000000e+03 6.736311304725534228e+02 2.805742047356165614e+01 -1.198723989002427999e+02 7.453451934570543926e+02 -3.077371410462312724e+03 8.175426439797377043e+01 -5.473987951752184244e+01 -1.367163631008512766e+03 1.295100200564121451e+02
1.546000000000000000e+03 6.045553763495158819e+02 1.378604565083612101e+02 3.288198485049742459e+01 3.869742042553412375e+03 9.722451590583259531e+02 2.407589531543861767e+02 -6.148967845241119790e+01 -1.648946799057377348e+03 2.019112974284519737e+02
1.563000000000000000e+03 5.459825314263182463e+02 1.444204776886884360e+02 -3.688782662510880073e+01 4.316490409126319719e+03 -1.143728971673021533e+03 8.645442017607079777e+01 -1.687130942851309783e+02 -5.024103486743440953e+03 -1.313861865312140367e+02
1.580000000000000000e+03 6.269124888784531322e+02 -5.551178652226724353e+00 2.215690572710284911e+01 -1.668823659826167614e+02 6.633312619541727599e+02 1.158934752337367939e+02 4.918851767256447260e+01 1.682579640761887276e+03 8.428204614092679492e+01
1.597000000000000000e+03 5.377847441775143125e+02 -4.171745332508365323e+01 -3.731438065998409570e+01 -1.523545417979577451e+03 -1.269285848849327294e+03 1.485867133005001790e+02 8.752458686337479321e+01 3.098283706335706938e+03 -1.273535798659163163e+02
1.614000000000000000e+03 3.551542177431836649e+02 -2.709409002216477802e+02 1.018521132225286721e+02 -1.019890978769490357e+04 3.751152121767205244e+03 -1.604340410980634886e+02 1.672792092037264808e+02 6.156265883645753092e+03 -3.196836509262878394e+02
1.631000000000000000e+03 4.381932746257551798e+02 2.109091876551018458e+02 8.667802948523520001e+01 8.424453253759389554e+03 3.610767671531218639e+03 9.685239186614968787e+01 6.529333743555680769e+01 2.442452439701362437e+03 2.839027051115179461e+02
1.648000000000000000e+03 6.378464638087998537e+02 -6.354348782313230259e+01 -2.882456236665770462e+02 -2.871505874832507743e+03 -1.279511928292434459e+04 2.848158348816073016e+01 -1.825893108964805549e+02 -8.088107852070083936e+03 -3.691255701975196644e+02
1.665000000000000000e+03 4.210287619317401777e+02 -4.518033350941349724e+00 1.618307478902466698e+02 -1.326539428810388301e+02 7.717465263413412686e+03 -6.247531379198676404e+01 2.200492760154267646e+00 1.994344047059445018e+02 2.120841204445297308e+02
1.682000000000000000e+03 4.736165767607944304e+02 4.023039511449051702e+02 -8.085276402206521595e+01 2.080257196025356097e+04 -4.098842771980296675e+03 2.104590981661412172e+02 -3.225562548543983326e+02 -1.644913476428781360e+04 -4.838510042728291296e+02
1.699000000000000000e+03 5.958041970559742140e+02 -8.779290404913808743e+01 1.723989212800471194e+01 -4.958425950814699718e+03 1.317793564644932303e+03 1.236154751513408314e+02 5.734597129070816663e+02 3.159927768008602652e+04 -1.478340066027416526e+02
1.716000000000000000e+03 5.361879033708595443e+02 1.416355184617918042e+02 3.015418133147665571e+02 8.644207410816763513e+03 1.818409435091928754e+04 2.098989746933204170e-01 -6.239670012135549371e+01 -3.229471552434538353e+03 4.471706010269336389e+02
1.733000000000000000e+03 2.144958070571586006e+02 1.083919067876768878e+02 5.143244382686381186e+02 7.143922749420456967e+03 3.509774912653381034e+04 -2.884878603098978260e+02 7.199082925432524007e+02 4.670605443527107855e+04 -1.203149572266088398e+02
1.750000000000000000e+03 4.813834850131659664e+02 -2.005352075968517909e+02 -2.889985313513784604e+02 -1.484988036360833394e+04 -2.149953954078406241e+04 1.026807677224191480e+02 3.409298648383332875e+02 2.578674746923718340e+04 -3.416574403218348266e+02
1.767000000000000000e+03 7.520396880896199718e+02 1.505020848799942712e+02 2.148053636914476101e+02 1.167949381794371948e+04 1.756091157046579610e+04 2.439467268705948868e+02 1.503077744471394510e+02 1.114804562865751541e+04 -2.557410095426209580e+02
1.784000000000000000e+03 2.060574594135235031e+02 -7.017424745067602316e+02 -3.550886723315738323e+02 -6.136246026698937203e+04 -3.098405884769969634e+04 2.594041364772195379e+02 2.145285549539450471e+02 1.954695776092461892e+04 -8.580964768711795898e+01
1.801000000000000000e+03 2.882696817046763158e+02 -3.707064588911547389e+02 1.549709020889217186e+02 -3.517743528490346944e+04 1.499231259069775660e+04 -2.534336523966983350e+02 -3.831856477753716490e+02 -3.543614656404261041e+04 -8.500095139734312397e+02
1.818000000000000000e+03 6.437576640744298402e+02 5.135751093921959409e+02 2.010518358758318413e+01 5.495209262757765828e+04 1.313316804146462573e+03 1.422593506773296667e+03 -6.071794698832010226e+02 -6.514934442081023008e+04 3.990874552835725808e+02
1.835000000000000000e+03 -1.013582865018170196e+02 3.956198373804825223e+02 4.394315042126519302e+02 4.550269370656623505e+04 5.302865363386707759e+04 3.553496036000865956e+02 -8.046109015639044628e+02 -9.709324715590260166e+04 3.472939969826871902e+02
1.852000000000000000e+03 2.864694765929502864e+02 1.010521053747527958e+03 5.961264676071894542e+01 1.266915067595843284e+05 6.421711876822065278e+03 -1.067314782696844986e+03 -1.217259283432749498e+03 -1.526486898936615908e+05 -2.763276129568332635e+02
1.869000000000000000e+03 6.783784497967955076e+02 1.193591681083067044e+02 8.549924124075232612e+01 1.860821700963232797e+04 9.223114296974761601e+03 -7.269754865002507813e+02 3.791432606724733887e+02 5.343478455719276099e+04 -1.640979895016767784e+02
1.886000000000000000e+03 6.975718213953794589e+01 -8.328351360798714609e+01 -4.123130055964860503e+02 -1.770485280321837490e+04 -6.268549478795706818e+04 -1.846321011887627947e+03 -1.608060450258922401e+03 -2.441411048713360797e+05 4.885874509553759708e+02
1.903000000000000000e+03 9.817585853724473282e+02 2.806624299134151101e+02 8.358119268776409854e+02 4.038091577418656379e+04 1.436930946373464831e+05 -1.598830786623200538e+03 -8.169149087134622960e+02 -1.363933679668863479e+05 7.142587593083259208e+02
1.920000000000000000e+03 6.951351031168698000e+02 8.949559982789152173e+02 -5.770288677772176698e+02 1.713615723396762914e+05 -1.093154454187256924e+05 -4.665602297477157094e+02 -6.023251335215842346e+02 -1.170296538062869367e+05 9.811558403074493526e+02
1.937000000000000000e+03 -4.907440176904706277e+02 1.422479132088378947e+03 1.109216594790931367e+03 3.007008369403607212e+05 2.258858258867015247e+05 -8.211617761059214899e+02 1.509349321398392476e+02 4.115613843487015401e+04 8.103907034457829468e+02
1.954000000000000000e+03 7.588185404480843488e+01 -3.800613002650542853e+02 1.917716047273473350e+03 -9.245255248812150967e+04 4.439128421894774074e+05 5.494486378165995610e+00 -3.988888231667570835e+03 -9.094782518804734573e+05 -2.533739622786315522e+02
1.971000000000000000e+03 9.522909344540108805e+02 -9.655879482432505938e+02 -1.414718510798565376e+03 -2.399493217244207044e+05 -3.691462244505279232e+05 -3.316490356610373738e+02 2.630886125688942684e+03 6.755098975004731910e+05 6.612642005698355696e+00
1.988000000000000000e+03 -2.759472392156433216e+02 7.114799949835196458e+01 9.072681925120018605e+02 -3.835754943935762185e+03 2.335097087885475194e+05 -2.298707624088012381e+03 1.467373330521240177e+03 4.122049034698147443e+05 1.197717430108184544e+03
