# l Dl_TT Dl_TE Dl_TB Dl_ET Dl_BT Dl_EE Dl_EB Dl_BE Dl_BB
3.000000000000000000e+00 2.796154447974711275e+02 5.581814136690169015e+00 -3.026847461873755307e+00 5.582106774708737618e+00 -3.026639420011424164e+00 1.603112924863375754e+00 -2.423784751233643842e-01 -2.423852631421730131e-01 -4.138256508414500101e-01
7.000000000000000000e+00 8.945523747561571781e+02 3.976085153613515555e+00 2.091673012186401781e+00 3.976300163416456090e+00 2.091801855497472218e+00 5.345942839268695845e-01 2.672594557851901836e-02 2.672946604414515662e-02 8.632445825187200494e-01
1.200000000000000000e+01 7.754627683506698759e+02 3.115483921876416762e+00 -9.506110471156425934e-01 3.113295092246389562e+00 -9.506766839481759490e-01 5.061698594174465216e-01 4.362902805998765399e-02 4.364158237646866001e-02 3.141939845142533438e-01
1.700000000000000000e+01 1.053114190595806804e+03 -6.874876313291435892e+00 -2.585041066301622670e-01 -6.875586726642436197e+00 -2.584988797520792470e-01 4.029480214010140449e-01 -1.236869517932873835e-02 -1.237116115431299325e-02 1.904896374435637585e-01
2.200000000000000000e+01 6.910714748467187292e+02 -1.130785883684971349e+00 -5.139054087523273751e-01 -1.130134027776823924e+00 -5.140476977345767029e-01 4.138730142195838901e-01 2.516999624866154278e-02 2.518379348070283116e-02 2.792151088935264647e-01
2.700000000000000000e+01 9.467642099483479114e+02 2.614789493719194002e+00 1.341267935478237749e+00 2.616516504402000898e+00 1.341692905867815311e+00 4.292281053002834912e-01 9.145018724457616710e-03 9.150297830139604571e-03 2.061741640043671109e-01
3.200000000000000000e+01 1.151127718603558833e+03 8.978654845955270636e-01 1.613236326921300146e+00 8.978041029575176690e-01 1.614221861389869783e+00 3.823229673873959067e-01 2.101315742038608464e-02 2.103538159105966879e-02 2.341401658601891533e-01
3.700000000000000000e+01 1.260961260337667682e+03 4.864277451359495963e+00 3.592326105570702865e-01 4.869426178959841423e+00 3.598548251913998852e-01 3.023537258611074252e-01 -1.665399427846733782e-02 -1.668115596787427685e-02 1.789372023210352713e-01
4.200000000000000000e+01 1.474488509295126732e+03 -1.854819158270250457e+00 1.270976276838204466e+00 -1.858275971106761348e+00 1.272968770996000476e+00 2.995960516000893969e-01 7.437382988114016151e-03 7.439144769669276194e-03 1.892509939744375924e-01
4.700000000000000000e+01 1.425368805886219207e+03 2.324481450559755302e+00 2.861075206498999712e+00 2.329546608268697749e+00 2.866954799825372824e+00 3.877475755278863012e-01 -6.522264029557758858e-03 -6.536279563116445708e-03 1.478227953486796753e-01
5.200000000000000000e+01 1.363728942318502277e+03 2.324710666308649643e+00 -1.782699864656871469e-01 2.330877577882392249e+00 -1.787466962378880253e-01 3.988732429048422734e-01 -5.207766548059063888e-02 -5.221487949133686579e-02 1.997717305315702130e-01
5.700000000000000000e+01 1.719076136024709967e+03 -4.280664445776074523e+00 1.287074288926606913e+00 -4.293686034321045675e+00 1.291683376031847130e+00 4.400097417197038618e-01 1.211791230197449901e-02 1.216462049206411614e-02 1.490228197318519410e-01
6.200000000000000000e+01 1.648092976686459679e+03 -8.012722601663184729e-01 2.150900773839726554e+00 -8.041436925008345060e-01 2.158600440168719992e+00 5.710451202427931916e-01 -3.427700164771442515e-02 -3.440093034749160117e-02 9.736089188308223730e-02
6.700000000000000000e+01 1.884361641927317351e+03 -3.033208975065054158e+00 1.027843301360789274e+00 -3.045126376515656208e+00 1.031673588903782690e+00 5.571170566469728636e-01 1.916303268188451064e-02 1.924252933856400449e-02 8.232798303195860978e-02
7.200000000000000000e+01 1.982355533244651497e+03 -9.259582629108631835e+00 4.456349713436637217e+00 -9.302706008835661677e+00 4.477018508654365903e+00 4.710464564456656733e-01 -1.059930989511883581e-01 -1.064893816338015747e-01 1.718687865787419111e-01
7.700000000000000000e+01 1.734367277684157671e+03 -9.388232089344821674e+00 -9.358040874829238742e-01 -9.440088036441744990e+00 -9.405735682096445505e-01 7.120690550420234466e-01 1.650523020299064433e-02 1.656862384686991901e-02 1.669980085036738560e-01
8.200000000000000000e+01 2.125943258542315107e+03 -1.729749133326685895e+00 1.190915832850587108e+00 -1.741490893131012019e+00 1.198582509623819403e+00 6.434333876385127660e-01 5.107490275911437394e-02 5.134052262627070151e-02 -3.018951185153532363e-02
8.700000000000000000e+01 2.381543120911491314e+03 -7.302663446757708066e+00 8.431984301317677066e-02 -7.353407365614276436e+00 8.434359395923465841e-02 6.975196638362050061e-01 3.518242971945907960e-01 3.541791569063412748e-01 8.280923198191338097e-02
9.200000000000000000e+01 2.395671285325212011e+03 -2.084878332452165139e+01 1.913793006192159862e-01 -2.100864870371171378e+01 1.939128538419087333e-01 9.630980747309901835e-01 1.111396980866160983e-01 1.120000875801263202e-01 2.082185983413156194e-01
9.700000000000000000e+01 2.548007077173088874e+03 -1.974914207897188945e+01 -1.720607913685571422e+00 -1.991760897581858458e+01 -1.735146204800069425e+00 8.314316660602110165e-01 -1.279930039312946743e-01 -1.290614406950144621e-01 1.509875957766502186e-01
1.040000000000000000e+02 2.975628603284540077e+03 -2.442477967583620924e+01 3.688096222829617687e-01 -2.466583741110336447e+01 3.727205317719702315e-01 9.889741584963570586e-01 2.177575928038937569e-01 2.197996924021645149e-01 2.166832794380283700e-01
1.130000000000000000e+02 3.125675494009245085e+03 -3.386445072999971728e+01 -1.754966450499967801e+00 -3.425596562746050466e+01 -1.777929269832646320e+00 1.157217952537206385e+00 1.145067140311296083e-01 1.158026249018037218e-01 1.101580652843039548e-01
1.220000000000000000e+02 3.436557114760829336e+03 -3.330763974734087185e+01 -2.033105212776965542e-01 -3.375357225856313192e+01 -2.064176273202902034e-01 1.244577506995048877e+00 -9.226578662626840066e-02 -9.346044209274921577e-02 1.341494614493909387e-01
1.310000000000000000e+02 3.646081172445932225e+03 -4.020490359469818742e+01 -2.155236625181310206e+00 -4.082246192431920662e+01 -2.184702833704397662e+00 1.322692821202779312e+00 1.697555713545289002e-01 1.722803913929691066e-01 1.706485816050208604e-01
1.400000000000000000e+02 4.203341840248350309e+03 -4.900335052045672057e+01 1.902482299133518850e-01 -4.986404248444270593e+01 1.956721321904095479e-01 1.309741371831192325e+00 -4.779391177103109456e-02 -4.872651485517152936e-02 1.824913065652073452e-01
1.490000000000000000e+02 4.287828883666733418e+03 -4.900087637200680746e+01 -1.477682058797685327e+00 -4.996946200280696360e+01 -1.503756836389910978e+00 1.244614917410616028e+00 1.236205268780788402e-01 1.258637870562284711e-01 1.215069264867657955e-01
1.580000000000000000e+02 4.758110285327212296e+03 -4.742176570303504946e+01 -7.982950966789349678e+00 -4.847393216692606188e+01 -8.156998207658112676e+00 1.194124920449696647e+00 3.402631414501119944e-02 3.455112797436175887e-02 5.033934984745981611e-02
1.670000000000000000e+02 4.853409887033922132e+03 -4.545605354728009218e+01 1.509601365964185593e+00 -4.658221468202665960e+01 1.545719314667412192e+00 1.037366055335230630e+00 -3.023179023034581157e-03 -3.166962891854116762e-03 3.299684847269957963e-03
1.760000000000000000e+02 5.081480248055238008e+03 -3.986918713133889725e+01 -7.880534889640655738e-01 -4.096573475710398071e+01 -8.140414534032578420e-01 9.829651224878541704e-01 -7.895879270972190611e-03 -8.164136056887242102e-03 2.725763583365179432e-01
1.850000000000000000e+02 5.321040032164170952e+03 -3.443085983038442777e+01 2.146119652710278825e+00 -3.547485334856131800e+01 2.209964185527490077e+00 1.263411980064670370e+00 -1.859501076648324147e-01 -1.915408486652427078e-01 1.195903174311978984e-02
1.940000000000000000e+02 5.455641499370551173e+03 -1.441342945969500100e+01 -1.431914115588716951e+00 -1.489374369052261926e+01 -1.479114996014505135e+00 9.919625457001856050e-01 4.461089725350596280e-02 4.582432162227736971e-02 1.453763787513766836e-01
2.030000000000000000e+02 5.522740017360478305e+03 -4.080556347557510399e+00 7.210078945810945328e+00 -4.224817753864022585e+00 7.461536556886839477e+00 8.626524716587109509e-01 -1.043818368185580880e-01 -1.081959277521132023e-01 1.725513662766790246e-01
2.120000000000000000e+02 5.694201177565217222e+03 3.290907419241840604e+00 -1.192603372264797734e+01 3.428016120137515443e+00 -1.239887878560289103e+01 1.090002798119466654e+00 -8.025405566142662650e-02 -8.341351218169486270e-02 8.598081736173061873e-02
2.210000000000000000e+02 5.901722465415552506e+03 1.972945624477099003e+01 -1.140705154334126670e+00 2.057117662603553043e+01 -1.189200842482743603e+00 9.560619713699333166e-01 3.026652119481464120e-02 3.153894545704961222e-02 2.389308948131532162e-01
2.300000000000000000e+02 5.624136561040540073e+03 2.897801130032939909e+01 -7.987881064725474545e+00 3.032450031561312187e+01 -8.359433020456517482e+00 1.217738423231759848e+00 -2.089072648734296156e-01 -2.182398842261991101e-01 1.820216144816040882e-01
2.390000000000000000e+02 5.809439525412903095e+03 3.698541291400951536e+01 -3.545504366646394345e+00 3.885317125401232374e+01 -3.716162393328027669e+00 1.778878614984799933e+00 5.578529630944584206e-02 5.847530068442062523e-02 2.512341197392202186e-01
2.480000000000000000e+02 5.453180525550620587e+03 5.147000467642070021e+01 6.140182952554710027e+00 5.424956763118395742e+01 6.471779712642825366e+00 2.487613166516379426e+00 1.096028541536196443e-01 1.155854980445650687e-01 3.269715226190376273e-02
2.570000000000000000e+02 5.257789923253697452e+03 7.113390298823325963e+01 -4.619306632778739097e-01 7.526388590044990679e+01 -4.857556399225139709e-01 3.060621936090626605e+00 2.541251842388525528e-01 2.685698507725875483e-01 -5.685517255049547629e-03
2.660000000000000000e+02 5.019425327000798461e+03 8.716118929099580726e+01 -2.570624076741596653e+00 9.256718396035799401e+01 -2.730589741727265096e+00 4.048275044912709397e+00 -4.902512140251050893e-02 -5.167689711978665917e-02 4.799589573833129563e-01
2.750000000000000000e+02 5.035102219027303363e+03 1.042801286214845931e+02 -1.419013170725910156e+00 1.112013136437875005e+02 -1.513537696756814821e+00 5.199476529788903179e+00 -2.613815465236276059e-01 -2.779983068365691756e-01 3.211705868455986823e-01
2.840000000000000000e+02 4.590059629923131070e+03 9.608371046160451101e+01 2.560050160273040998e+00 1.028849202349878453e+02 2.745535785111131055e+00 6.468315200537304577e+00 1.783225399784950649e-01 1.912679788431833339e-01 -4.623884962011390320e-02
2.930000000000000000e+02 4.340734781159199883e+03 1.196507021567836091e+02 2.669034799405291647e+00 1.286669766142521212e+02 2.868013195978239782e+00 8.434905151756412423e+00 2.525491863829707473e-01 2.713011894932664259e-01 -4.460962702234225197e-02
3.020000000000000000e+02 3.932421682337966104e+03 1.227532285793549249e+02 -7.322405033897988469e-01 1.325975232115198423e+02 -7.983016808243933449e-01 9.610647376482253534e+00 2.220076201500665869e-01 2.395022356119184126e-01 1.536661352575764694e-01
3.110000000000000000e+02 3.653584254031105957e+03 1.216347193016776487e+02 4.778336594534296822e+00 1.319775395394625548e+02 5.179376395166141123e+00 1.187654812166881158e+01 5.163346825533184914e-01 5.587257410420040094e-01 2.116285987329107610e-01
3.200000000000000000e+02 3.385755971343263354e+03 1.203795868537147982e+02 -3.742141288491943385e+00 1.312311095117023569e+02 -4.078375493991248213e+00 1.329376059621026940e+01 3.318121816265853785e-01 3.606809713466850864e-01 -1.423750481136697998e-01
3.290000000000000000e+02 3.199788451273224837e+03 1.122305042818466632e+02 3.451336426199099972e+00 1.229181168316118971e+02 3.778366191177670697e+00 1.569015743612377811e+01 7.778776115258784207e-01 8.504339991466368653e-01 -2.643784915333572405e-01
3.380000000000000000e+02 2.807291850046038689e+03 1.089681152091966965e+02 -1.679116591313349449e+00 1.199483916318891374e+02 -1.845751846180408329e+00 1.593487339243296930e+01 -2.199152198881518805e-01 -2.414416825098492370e-01 6.442321015361700265e-02
3.470000000000000000e+02 2.522912878783789893e+03 9.092355513679558499e+01 -6.058350644950674990e+00 1.005928947921324266e+02 -6.709182682022310829e+00 1.796385856142411441e+01 -6.526757664426576788e-01 -7.209915004359112034e-01 9.783944474977729344e-02
3.560000000000000000e+02 2.376101555869538515e+03 7.594832153630702010e+01 8.972041390339452471e-02 8.445336880556098436e+01 9.435130291983265249e-02 1.864012430835248324e+01 9.342446631766045950e-01 1.034226194484385575e+00 -2.844363168207412751e-01
3.650000000000000000e+02 2.202155358716076080e+03 6.718261710324705405e+01 -4.607218417970031510e+00 7.509954224573213821e+01 -5.153651184016734277e+00 2.034661510843571008e+01 8.009664045949715927e-01 8.909362638509306098e-01 -2.423506496402945132e-01
3.740000000000000000e+02 2.083622577926892973e+03 4.912116020328290489e+01 -1.201897276957245887e-02 5.521345240646738972e+01 -1.708989399492120975e-02 2.169580382677211006e+01 -2.576859700143889209e-01 -2.881123823282110696e-01 2.930532674652190292e-02
3.830000000000000000e+02 1.921445291223889399e+03 3.414352761931371560e+01 -9.389660592874792266e-01 3.856520191815430820e+01 -1.060030417429373095e+00 2.111590679941402371e+01 5.913062140068420236e-01 6.652863479908335265e-01 -3.331809946068004513e-01
3.920000000000000000e+02 1.792137368809341751e+03 1.873303483225933164e+01 -4.455327094423150669e+00 2.128565013697267005e+01 -5.052006739207889119e+00 2.298404613059869561e+01 2.559216301819681738e-01 2.907278029369662065e-01 4.063397653967981693e-01
4.010000000000000000e+02 1.747947826798501865e+03 4.007104468043632295e+00 -4.847501295741385441e+00 4.585116247401008316e+00 -5.547215015731208787e+00 2.188093999959189162e+01 4.031759241037512487e-01 4.602916437531123228e-01 8.343010912285588054e-02
4.100000000000000000e+02 1.755508750726680091e+03 -2.369160943629170646e+01 3.265999162627100549e+00 -2.722498125836570892e+01 3.763026514289089963e+00 2.272167217029949882e+01 1.356544455157915330e-01 1.559732413662970607e-01 4.014507457066318619e-01
4.190000000000000000e+02 1.745438896586278815e+03 -4.459504051321444962e+01 -3.545536644980731289e+00 -5.159528530258916135e+01 -4.105556659205711334e+00 2.006010863209505501e+01 -1.824635867959471247e-01 -2.092085860072989967e-01 -3.634258777538539875e-01
4.280000000000000000e+02 1.785169812312414933e+03 -4.749858955668130278e+01 -1.863319640876865302e+00 -5.530785456330462324e+01 -2.159144320222816660e+00 1.997689903954068313e+01 -1.213195290319617758e-01 -1.395511586933046444e-01 9.277263557507153813e-01
4.370000000000000000e+02 1.788719652345495888e+03 -6.040119651097698750e+01 2.402053856191760151e+00 -7.076944222599531997e+01 2.831222056403314369e+00 2.020926768763207804e+01 6.508905318693442021e-01 7.577828171493126153e-01 4.448610800799957521e-01
4.460000000000000000e+02 1.861225247075470406e+03 -6.182783326546854852e+01 -8.842346709155002316e-02 -7.290287425300226687e+01 -1.024896148811870328e-01 1.694695944885497241e+01 9.630293163451500438e-02 1.144705579635639930e-01 1.235777710817353020e-01
4.550000000000000000e+02 2.051889335283855871e+03 -7.599000451008262758e+01 -2.408820461414481695e+00 -9.018930803777644201e+01 -2.857813540285561782e+00 1.483554795628674583e+01 2.873366117347012083e-01 3.394055791703654013e-01 1.052811108969749165e+00
4.640000000000000000e+02 2.239813426369596073e+03 -8.073827645869586433e+01 -2.164607723378111359e+00 -9.646452505534460897e+01 -2.580490024020631878e+00 1.511776544044342252e+01 2.234572936178512159e-01 2.675378080877587883e-01 -3.657692276117441299e-01
4.730000000000000000e+02 2.189733426237599815e+03 -7.422565121801018506e+01 -8.378397278938232162e+00 -8.929161821823474554e+01 -1.007177799657512018e+01 1.287146475079541830e+01 2.701203054622201005e-01 3.250589595296441980e-01 5.956056536230347476e-01
4.820000000000000000e+02 2.303753411986447190e+03 -7.168580302452564013e+01 3.190104135591842915e+00 -8.680865543720231869e+01 3.860436853542071223e+00 1.234937727214861347e+01 -4.109141162502740197e-01 -4.922588766152220519e-01 -5.049153126328113084e-01
4.910000000000000000e+02 2.428836198892606262e+03 -8.217612451994840228e+01 -4.175347863147205629e+00 -1.002389309529334867e+02 -5.105592688263119072e+00 1.150299225698410233e+01 4.201424599524397618e-02 5.402476313716222944e-02 -2.587643450090599817e-01
5.000000000000000000e+02 2.449641484136551298e+03 -5.713265532686255455e+01 -7.220342058380733619e+00 -7.018021789869675331e+01 -8.884532326320465856e+00 9.086280498230387082e+00 -4.095917566216847328e-01 -5.014976480181356777e-01 4.733697856173052498e-01
5.090000000000000000e+02 2.607409339175399964e+03 -5.304892174427606477e+01 7.452617581900652377e-01 -6.564123041927446423e+01 9.017737631892932537e-01 8.525486913634020780e+00 -7.246795010879504284e-01 -8.914560792061314576e-01 1.479444407492241709e+00
5.180000000000000000e+02 2.585866319388347165e+03 -3.874678756175586614e+01 1.927579143671209749e+00 -4.829035137143839052e+01 2.419167874911339666e+00 7.770780150160874200e+00 1.571011852889419025e+00 1.948852156180612916e+00 3.451060548155250318e-01
5.270000000000000000e+02 2.625326731635363558e+03 -2.240634285873362330e+01 -3.825083521051129143e+00 -2.815305063741891800e+01 -4.766464474205386104e+00 7.117286969762326443e+00 -1.018573424328488575e-01 -1.221752727968215546e-01 7.695558719175468188e-01
5.360000000000000000e+02 2.541795356736157373e+03 -1.603178018166964947e+01 -2.029130587358693116e+00 -2.027113134304604358e+01 -2.546457181176520201e+00 7.860816197323089227e+00 -7.619998176201037143e-01 -9.567091976756922911e-01 3.798666375700689435e-01
5.450000000000000000e+02 2.505715326449511394e+03 1.480437399123427644e+00 -5.600258608613711608e+00 1.881235850668542486e+00 -7.143216201329816606e+00 8.839318298477715885e+00 8.518601234438342162e-01 1.084764300414800209e+00 -1.477812050485510093e-02
5.540000000000000000e+02 2.574711302733414414e+03 5.024976472560488405e-01 -9.844113627205935302e+00 6.675962282397740477e-01 -1.265443147793727263e+01 9.523487490967548652e+00 -4.727727752110847392e-01 -6.009897917481727969e-01 4.116113095936674848e-01
5.630000000000000000e+02 2.577294211701259428e+03 9.833822158203947339e+00 -6.369431846873614411e+00 1.274256756194411899e+01 -8.242533851657817934e+00 1.105923242549239838e+01 2.859050541313263860e-01 3.722322309444090482e-01 -2.881784478704429442e-01
5.720000000000000000e+02 2.436510376710610672e+03 1.067043151540956636e+01 -4.278958275980618176e+00 1.392823198073753588e+01 -5.571205323149949429e+00 1.275451618028610135e+01 4.492177525590115295e-01 5.805738810764373703e-01 -5.836679006224748667e-01
5.810000000000000000e+02 2.424418158335288354e+03 2.807781286783843910e+01 -1.686376404806669616e+00 3.698809954117819387e+01 -2.224701716226055392e+00 1.515441400375068604e+01 -2.301565562918030661e-01 -3.043104664054045450e-01 3.611115172334629086e-01
5.900000000000000000e+02 2.389858629825640492e+03 1.834740051128738259e+01 -1.708236690733422769e+00 2.436938744104050869e+01 -2.245641566216932006e+00 1.560032117612198732e+01 5.672194157742720400e-01 7.536788887419606509e-01 4.003893233113792194e-01
5.990000000000000000e+02 2.244035499839743807e+03 2.567586671082325012e+01 -3.022217300199954160e+00 3.440107481363034481e+01 -4.050977675497736463e+00 1.906342751990148798e+01 5.152936045539470520e-04 4.288710306979106462e-03 8.583776238641820377e-01
6.080000000000000000e+02 2.135434883624523081e+03 3.004231878092492991e+01 6.026329354162254681e+00 4.060653186971827466e+01 8.161378453881571460e+00 2.122219433896814067e+01 1.238170065670132880e+00 1.672018245029567529e+00 4.498584909763206352e-02
6.170000000000000000e+02 2.146473136785582938e+03 1.942312590295644981e+01 2.564516021475523377e+00 2.646903990905968840e+01 3.483288515224272075e+00 2.767195725009079865e+01 -2.288199687888953449e+00 -3.091112329080133669e+00 -2.377797502971681909e-01
6.260000000000000000e+02 1.976248383138689405e+03 4.818094703710113613e+00 -8.707903960120917386e-01 6.617388559023583028e+00 -1.195714109169662143e+00 2.785128183034906968e+01 -2.806552534281245292e-01 -3.791415916693432475e-01 1.797984023900668638e-02
6.350000000000000000e+02 1.973668109813546607e+03 4.704843420601333648e+00 3.354431732739463268e+00 6.493256534996126206e+00 4.642392836594247285e+00 2.978301324165626696e+01 1.935699394024891773e-01 2.679173954200906871e-01 1.193212330781339148e+00
6.440000000000000000e+02 1.872513048472837681e+03 -1.745535541735411300e+01 6.319293086583398278e+00 -2.446366663662877272e+01 8.864236213866270475e+00 3.405271960575927181e+01 1.174731485154727473e+00 1.623989847011751531e+00 -7.339325821258826377e-01
6.530000000000000000e+02 1.853959967910092701e+03 -1.917743621411402444e+01 -2.429910207444198278e+00 -2.713363967572637847e+01 -3.441712858983992263e+00 3.427694637339325112e+01 2.043129506507884940e+00 2.870430658979308713e+00 -1.073052198289385473e+00
6.620000000000000000e+02 1.878347244774686260e+03 -3.699120832657530400e+01 -6.885087398625976185e+00 -5.283344506790096773e+01 -9.808596212388859925e+00 3.752899224394281674e+01 -1.336303510013949758e+00 -1.887902203964715975e+00 1.176669186955908275e+00
6.710000000000000000e+02 1.820179626953813340e+03 -5.294965334656059497e+01 -8.571626424488549389e+00 -7.630140288652874858e+01 -1.234702229670943829e+01 3.673423177819625352e+01 2.015879459998166645e+00 2.881783431098856152e+00 -1.778592073306732413e+00
6.800000000000000000e+02 1.772087750146853068e+03 -6.697097627015190824e+01 7.261380203404885769e-01 -9.738482649197233343e+01 1.042911184817869819e+00 3.849839626405588433e+01 8.308887874080939095e-01 1.200759322941703511e+00 -2.500990532661463206e+00
6.890000000000000000e+02 1.844305339575633297e+03 -8.355150737480730072e+01 -7.761817199818681345e+00 -1.226766529924728104e+02 -1.134254845550525204e+01 3.960323868811921244e+01 -4.507454857703046547e-01 -6.627564481838693622e-01 7.039681968600812745e-01
6.980000000000000000e+02 1.902558856632427478e+03 -9.376356303103165146e+01 -6.612695377012825837e+00 -1.390799515331584075e+02 -9.829154133342125732e+00 3.776621149462624771e+01 4.062323791086719815e+00 5.973003547482163889e+00 -6.963289915907444616e-01
7.070000000000000000e+02 1.915486140583128417e+03 -1.041750662134598429e+02 -6.532662149495796378e+00 -1.560497173581328525e+02 -9.798843419037032376e+00 3.941580282253737977e+01 -5.491918789131312595e-01 -8.218108260498728779e-01 -9.277397108164855410e-01
7.160000000000000000e+02 1.942296692530288738e+03 -1.220676871251135509e+02 -7.461824424424496449e+00 -1.847662849603708537e+02 -1.128928981925103514e+01 3.800999048655098278e+01 1.330371971014396637e+00 2.005710403284266974e+00 2.014398663333517303e-01
7.250000000000000000e+02 2.010840447145808412e+03 -1.195617453168708124e+02 -8.247074086943612770e+00 -1.827858473573528215e+02 -1.257946641554013922e+01 3.476444371523927401e+01 -1.593209315004249504e-01 -2.399244618311485722e-01 2.096808329080217081e+00
7.340000000000000000e+02 2.064829344811711962e+03 -1.285251508389047785e+02 -7.242743728424692939e+00 -1.985166136036087039e+02 -1.119783497898871616e+01 3.208972833107449674e+01 2.708813783767176631e+00 4.145297674089197137e+00 9.397825829177622881e-01
7.430000000000000000e+02 2.199212262941009612e+03 -1.364706091850173379e+02 -5.470440702305591429e+00 -2.130210670921645431e+02 -8.556479648738212873e+00 2.830171364437880399e+01 2.366658360713879361e+00 3.658678834991405004e+00 1.278266499966760783e+00
7.520000000000000000e+02 2.257488147630600906e+03 -1.273150173348160195e+02 -5.788160757414548385e+00 -2.007966523326984145e+02 -9.108177252277748437e+00 2.948074996842132833e+01 -1.157899925382980921e+00 -1.820300530072743506e+00 4.351121320651829549e-01
7.610000000000000000e+02 2.338850932133227616e+03 -1.274971374062155434e+02 -6.578191463605278955e+00 -2.032858784839101531e+02 -1.048996571897200525e+01 2.691499356322328751e+01 8.339283926856899676e-01 1.313184746843200745e+00 3.549034363126975844e+00
7.700000000000000000e+02 2.356034339000167620e+03 -1.155423670304195269e+02 -1.148160151822524355e+01 -1.862375078771227663e+02 -1.849086917480103764e+01 2.222651592498866080e+01 -3.609036272814641205e-02 -5.070702739020068600e-02 -1.687090697536203443e+00
7.790000000000000000e+02 2.351665062643101919e+03 -1.193432080450256052e+02 -8.575703920699478289e+00 -1.944342558153350922e+02 -1.398958679494812429e+01 2.042310552166059878e+01 2.990445130196010218e-03 9.150208510656831010e-03 1.749939951797381932e+00
7.880000000000000000e+02 2.492922050898058387e+03 -9.953999911444404347e+01 -1.191410724515510822e+01 -1.639383150673720024e+02 -1.961679470370820155e+01 1.747622240020790585e+01 -7.137874906675077957e-01 -1.174856051301641724e+00 -8.730101055871392068e-02
7.970000000000000000e+02 2.458966783268540439e+03 -9.686929613793034832e+01 -7.156340574784552544e+00 -1.613593136713154479e+02 -1.193888925067424367e+01 1.726464647724331769e+01 -5.294249099601531228e-01 -8.849645028458154039e-01 1.248264311776101199e+00
8.060000000000000000e+02 2.513903685538649825e+03 -7.736361917745665551e+01 2.494312243781633409e+00 -1.303666325950182170e+02 4.238782340397211357e+00 1.760978647827272070e+01 -7.752063742246507738e-01 -1.303619874110796495e+00 2.021900220064893006e+00
8.150000000000000000e+02 2.589702880654944238e+03 -7.045227934154719662e+01 -1.175601330802819788e+01 -1.200455983881787319e+02 -2.009982967355730210e+01 1.470320090208166697e+01 1.188556932425099966e+00 1.992231727934819396e+00 3.383254713942735581e+00
8.240000000000000000e+02 2.533663443438474133e+03 -5.158992788158343501e+01 -4.862108121642405578e+00 -8.898629432967565833e+01 -8.499941958832048172e+00 1.618112890508432500e+01 6.268859014452290879e+00 1.070978874042059914e+01 -5.399755831070851553e-01
8.330000000000000000e+02 2.511245073975858759e+03 -2.998738335040058445e+01 -1.601895344179438752e+01 -5.228250985939538964e+01 -2.804151968369623660e+01 1.280480872502341327e+01 -1.205455362396791325e-01 -2.047207575063979546e-01 4.447330576985956796e+00
8.420000000000000000e+02 2.534572254053737652e+03 -1.370212414806332646e+01 -7.930416362199953717e+00 -2.425382556141971335e+01 -1.398970194439427850e+01 1.687558422875498110e+01 -1.968504739598395448e+00 -3.449986966672759614e+00 8.918292807742024264e-01
8.510000000000000000e+02 2.383429093901203487e+03 2.761983689721421165e+00 -6.715176355763968985e+00 4.946781334381145534e+00 -1.202188613257169436e+01 1.553991721614895738e+01 -2.422616482880572075e+00 -4.291383064793771851e+00 2.541012531083847392e+00
8.600000000000000000e+02 2.376776432635466335e+03 1.833229794504850219e+01 -2.290635816467303965e+00 3.324122986384262646e+01 -4.143297366183222863e+00 1.666797921857510190e+01 -3.313096534436221763e-01 -5.966836845767043984e-01 6.887745012011480261e-01
8.690000000000000000e+02 2.281728274558538942e+03 2.352332872638688954e+01 -1.585828604346025017e+01 4.307988139361307844e+01 -2.903289255239945277e+01 2.016388164478744116e+01 -3.939756694528421810e-01 -7.066491215086223576e-01 4.148737328169056049e+00
8.780000000000000000e+02 2.180239989894098471e+03 2.613528707445325239e+01 -1.618959142336971624e+01 4.852342660385679096e+01 -3.006430045337266677e+01 2.046117222500130595e+01 5.667085927705862725e-01 1.062010559208789395e+00 -5.072850329956875015e+00
8.870000000000000000e+02 2.092005963896694084e+03 4.622150288043091848e+01 -4.910367724831126601e+00 8.659474348816696931e+01 -9.200535158885143616e+00 2.126735134408354355e+01 -2.525099077015250160e+00 -4.688327004462570002e+00 1.892289503854871269e+00
8.960000000000000000e+02 1.974439702401231898e+03 4.534961635237035438e+01 -6.836982703180501275e+00 8.610593910508197268e+01 -1.295109042828784496e+01 2.449700226000245351e+01 1.326018332412476353e+00 2.466700286259370767e+00 6.699177324896675723e-01
9.050000000000000000e+02 1.841938154703780128e+03 6.183800382684210462e+01 -8.616767123936266870e+00 1.189177452635621535e+02 -1.660243006143147326e+01 2.507631830989429034e+01 -1.015845001399822367e+00 -1.942241044074506817e+00 7.487494867708563984e-01
9.140000000000000000e+02 1.770688973191202194e+03 6.351575163003513325e+01 8.597237782455863453e+00 1.238012719019127417e+02 1.677075297278383559e+01 3.140799593641951759e+01 1.572530443080939477e+00 3.001582128966175489e+00 8.153323766596859423e-02
9.230000000000000000e+02 1.632660562600274261e+03 4.511955155569302178e+01 -1.837241367857090424e+01 8.907166048242035572e+01 -3.621903613517547171e+01 3.443939829885589177e+01 4.374779573814167044e+00 8.544427434574098257e+00 3.524607753172772640e+00
9.320000000000000000e+02 1.585357323109923755e+03 5.285567738851827357e+01 -6.515899960454767381e-01 1.056677233386629382e+02 -1.359978992509126350e+00 3.949813768583406670e+01 1.872995534004908258e+00 3.710589675413203281e+00 2.034011170580946604e-01
9.410000000000000000e+02 1.456765593428631973e+03 4.472088845755853725e+01 -1.288964373599199575e-02 9.062900343177246043e+01 3.084005475339147984e-02 4.153334152921242861e+01 2.686192025129182426e+00 5.405078794953824151e+00 2.148969575478718141e+00
9.500000000000000000e+02 1.357160710579951456e+03 3.799978356576755800e+01 -4.704104845685638026e+00 7.796678004766783943e+01 -9.670797299458389062e+00 3.809101713947425338e+01 5.480799002774982220e+00 1.113952150547252273e+01 -2.235539672345634887e+00
9.590000000000000000e+02 1.298342284669454784e+03 3.065366093037312112e+01 -6.334228795664254896e+00 6.375163713170532986e+01 -1.314216031057477707e+01 4.004695511413754616e+01 -3.225757274320304013e+00 -6.602700759284524601e+00 -6.538224907772415273e-01
9.680000000000000000e+02 1.256879055252188436e+03 1.841334039376493337e+01 8.691676818336341981e+00 3.882312938496995969e+01 1.823378196071037038e+01 4.726143761140634325e+01 -3.111384067847160484e-01 -6.351999654920441607e-01 1.456801416704027297e+00
9.770000000000000000e+02 1.145912385327861784e+03 7.331529298191280297e+00 -4.830661926468471812e+00 1.561085653318748001e+01 -1.032585546608661708e+01 4.372959834829369896e+01 -3.475767955634189832e+00 -7.355258451242420392e+00 -3.785370373133292166e+00
9.860000000000000000e+02 1.125827339515500398e+03 -1.318106857959224243e+01 -1.605538909462100250e+01 -2.866756286009403354e+01 -3.479694159611715776e+01 4.594270567738361422e+01 -2.443736545427571460e+00 -5.233483174786911718e+00 -1.606413092667861031e+00
9.950000000000000000e+02 1.108337697877640494e+03 -2.295032796010006138e+01 -3.809887118701118958e+00 -5.043677321839714267e+01 -8.316286836811919159e+00 4.714483403869920153e+01 3.590191040350984242e+00 7.826542245590483837e+00 2.158375873769806219e+00
1.004000000000000000e+03 1.038852653975585326e+03 -3.937118689640227842e+01 7.877524673677838152e+00 -8.781642159527237368e+01 1.770353602352431821e+01 4.634267319756044401e+01 9.331075927664067571e-01 2.028552932801805486e+00 -6.809316239967112772e+00
1.013000000000000000e+03 1.094058162529343690e+03 -5.259605195803693789e+01 -1.270707575978603465e+01 -1.190355152912002836e+02 -2.869294149908831315e+01 5.176368327397781854e+01 -3.024683316225479923e-01 -6.861361812328736764e-01 -1.342360668774548849e+00
1.022000000000000000e+03 1.048757729124584557e+03 -3.904166405138974483e+01 3.447949918571412642e+00 -8.961072616274356051e+01 7.810854286407606040e+00 4.411202109315544106e+01 7.531626414942249603e-01 1.664722908665884793e+00 -3.433178631018316551e+00
1.031000000000000000e+03 1.060743335870661213e+03 -5.677991361168967188e+01 -3.034271680439923902e+00 -1.321135275652226539e+02 -7.039994631969616279e+00 4.073794765687645736e+01 -1.462208065765734810e+00 -3.327436968341443979e+00 -3.619380444851527656e+00
1.040000000000000000e+03 1.073799013657183195e+03 -6.123235802931589689e+01 2.120001425875239764e+00 -1.446342102024850078e+02 5.007767286437720067e+00 4.108025982943544108e+01 4.461092038969391105e+00 1.037415048578034416e+01 -6.720095543352694323e-01
1.049000000000000000e+03 1.099870106844337897e+03 -7.669218762603921391e+01 -5.185529102909636201e+00 -1.838148904188161907e+02 -1.243568498325450378e+01 4.227394355359115252e+01 2.035130828692688798e+00 4.774143369477116927e+00 -4.093013721888573819e+00
1.058000000000000000e+03 1.151487798151225661e+03 -8.368834989192200169e+01 1.715874933870684904e+00 -2.036235197026119579e+02 4.104422946940617933e+00 4.463639339778775650e+01 -1.513122897517946264e+00 -3.632906127353664694e+00 -3.317757777105825312e+00
1.067000000000000000e+03 1.148843908545786462e+03 -8.975169559777945949e+01 -6.104420604389386718e-01 -2.214076279846015893e+02 -1.445615469334667447e+00 2.505938548719855419e+01 3.109026489844328722e+00 7.562243804779626544e+00 6.172201460724342503e+00
1.076000000000000000e+03 1.170851692087135461e+03 -8.337818729885856328e+01 -3.150790724993807856e+00 -2.088669860906055646e+02 -7.891177261429051626e+00 2.701093001893374534e+01 -6.113672925591170149e+00 -1.510261800746156169e+01 9.348249903772938296e-01
1.085000000000000000e+03 1.245056268872531518e+03 -7.470529560253373802e+01 4.023680284643243787e+00 -1.900347242908834176e+02 1.031499293398677963e+01 1.493051742465093845e+01 -4.962227381746452615e+00 -1.248894217772452286e+01 -1.390466847372113346e+00
1.094000000000000000e+03 1.240429340701718274e+03 -8.738521651204899854e+01 1.072916408025555057e+01 -2.258002407231936957e+02 2.759182180953775898e+01 2.498936296879868735e+01 2.020082241138879020e+00 5.148286621248230333e+00 2.798753652673754644e+00
1.103000000000000000e+03 1.223914763529558059e+03 -4.959061448988592247e+01 -6.715870721974525281e+00 -1.300894698481539251e+02 -1.767027218437301883e+01 2.005671199614281264e+01 9.016546635884621352e+00 2.325327036981452977e+01 1.462634132044881907e+00
1.112000000000000000e+03 1.228302974769836510e+03 -5.392126700089178826e+01 -8.278659836064051092e+00 -1.436370833229498771e+02 -2.207051156092028066e+01 1.980467968578370375e+01 -1.162115676684033899e-01 -1.867423783507038970e-01 -3.620969383453088497e+00
1.121000000000000000e+03 1.267390771918511746e+03 -5.462996966287626321e+01 -3.906970324810680850e+00 -1.477821829935209621e+02 -1.041960809208903171e+01 1.713470232428618090e+01 5.765703972414405243e+00 1.543271805252701157e+01 -2.390922159064508890e+00
1.130000000000000000e+03 1.257445768938866649e+03 -4.458639682281114602e+01 -4.231439525338830165e+00 -1.226215543402962709e+02 -1.169168448103709856e+01 2.434566416919558662e+01 1.039032830290887111e+00 2.861765523652321619e+00 4.217861430720073912e+00
1.139000000000000000e+03 1.232324827656065963e+03 -5.053035951979227036e+01 -1.216402977513906514e+01 -1.411756202075638669e+02 -3.385901798195899914e+01 1.341786541527679688e+01 6.719190553018192791e-01 1.915570729131101491e+00 -3.809573529929395797e+00
1.148000000000000000e+03 1.237841060224892317e+03 -3.187551975548283778e+01 -4.807332532177451156e+00 -9.045358972595739999e+01 -1.352588979785040024e+01 1.287191577973504053e+01 -5.470695738695758870e+00 -1.527161899611037477e+01 2.689907676804585979e-01
1.157000000000000000e+03 1.242693876786464671e+03 -1.750454106405940990e+01 3.921902330507711643e-01 -5.041895547791623500e+01 1.345323661691708139e+00 5.035146897339316752e+00 5.363834555319410669e+00 1.529483003406077302e+01 -9.659116524289382832e-01
1.166000000000000000e+03 1.179586190894093534e+03 -2.222625168126085171e+01 8.654056931113850437e-01 -6.505739842773070336e+01 2.737668134859204017e+00 6.980144271399327138e+00 -3.903963168922199023e-02 -4.537455901723201450e-03 6.513660535151272413e+00
1.175000000000000000e+03 1.167442541862971211e+03 -3.296358709182169378e+01 -4.281603904434203578e+00 -9.817043850605624300e+01 -1.254682614322519996e+01 1.894992858783046330e+01 4.657794582882461398e+00 1.364061770764704917e+01 -7.448036963065145510e-01
1.184000000000000000e+03 1.152855236012549994e+03 9.979646668616432237e+00 -9.369863792366743382e+00 3.025397590957739524e+01 -2.834444050439255491e+01 1.781746181864197354e+01 -8.299067102132372753e+00 -2.470316764206277327e+01 -1.689215392524668902e+00
1.193000000000000000e+03 1.112038045259193495e+03 -6.458964490477265841e+00 -3.734450430391122566e+00 -1.995050660626549899e+01 -1.163256246755357282e+01 1.950635419250592406e+01 4.303320250008799697e+00 1.289812565958363422e+01 -3.681670458994481976e+00
1.202000000000000000e+03 1.027918591120757810e+03 6.777721657920367626e+00 -4.291031898005870371e-01 2.093145230980078253e+01 -1.475985348406040565e+00 2.457416943443093515e+01 2.139282958636727017e+00 6.577089753806109940e+00 6.409768959320968906e-02
1.211000000000000000e+03 9.927394115496650784e+02 5.107364756810024886e+00 8.614917258413896661e+00 1.631037347900172563e+01 2.743148894824564010e+01 2.179118758839798176e+01 -2.430283856949556398e+00 -7.645525637241618711e+00 -8.995905341936977218e-01
1.220000000000000000e+03 9.877615721340303025e+02 8.576076010682069040e+00 3.981712019419420656e+00 2.779123404666703223e+01 1.283549860974992640e+01 2.457153817071720781e+01 3.503560719670394175e+00 1.118061067601100689e+01 -2.623698882139592570e+00
1.229000000000000000e+03 9.253581556478337689e+02 1.008798253754157948e+01 3.955553383392333089e+00 3.330069569963025344e+01 1.289366579400421386e+01 2.643705577558604602e+01 3.282912297612616825e+00 1.062696387370588091e+01 2.560862561474454013e-01
1.238000000000000000e+03 9.131507215978690510e+02 -5.759420176201053287e+00 -1.270748806472581371e+00 -1.911148745277798611e+01 -4.179384898013444705e+00 2.458263649555985353e+01 1.481362077674680577e+01 4.886952924705935430e+01 -9.386154628187151516e+00
1.247000000000000000e+03 8.867277713841073137e+02 5.223595261387788291e+00 -1.370407074439722095e+01 1.779141516712843440e+01 -4.638348826338067710e+01 2.262914752146987496e+01 1.559929084004292033e-01 6.330885998579923735e-01 -8.321315911430989587e+00
1.256000000000000000e+03 8.280410577232515834e+02 -4.784273964652579814e+00 -2.070467585017668455e+01 -1.641168394965196242e+01 -7.176221216558955973e+01 3.797550799450635850e+01 3.432386990643899516e+00 1.173794963664954416e+01 -8.479158379222267783e+00
1.265000000000000000e+03 7.971779528239052297e+02 -8.660304233543895336e+00 5.298071308760831322e+00 -3.063053070020359669e+01 1.884137858742241178e+01 4.108487046666718356e+01 7.899359414637736609e-01 2.958923890050691341e+00 9.745499440713594197e-01
1.274000000000000000e+03 7.910174082376580600e+02 -1.208363417157540631e+01 -4.249879584610805949e+00 -4.346985461796651151e+01 -1.522006448877451490e+01 2.598251833236768604e+01 -6.739015393228612538e+00 -2.387258651947600185e+01 -1.163613960098614619e+01
1.283000000000000000e+03 7.522668421481055248e+02 -3.541026875662331008e+01 -7.321663356465831995e+00 -1.296841936670695645e+02 -2.668722954285906113e+01 2.323534954573000633e+01 -1.530841932311920317e+01 -5.486948138637788475e+01 3.691187101512704016e-01
1.292000000000000000e+03 7.796325607845809600e+02 -3.647568045674889703e+01 -7.686625825975704096e+00 -1.359796364665095325e+02 -2.864321575814989274e+01 3.750861271824646082e+01 -9.581071187657062005e-01 -3.449332141507170491e+00 2.723693047236611875e+00
1.301000000000000000e+03 7.557049614448585544e+02 -3.231956018590295798e+01 2.466575163567434892e+00 -1.225362125338036350e+02 9.081027856811699550e+00 3.780132873814201844e+01 7.027762272775563979e-01 2.794097394367040632e+00 -6.247600397930246352e+00
1.310000000000000000e+03 7.374473329570366786e+02 -3.367348533709055403e+01 2.542450600796455795e+00 -1.305844209606971731e+02 9.633969382758932554e+00 3.911663610099622446e+01 5.999808488195716993e-01 2.379410309117273581e+00 -4.581248580165134143e+00
1.319000000000000000e+03 7.435771753965608468e+02 -4.989228285999070778e+01 -2.698994504527922444e+01 -1.971994798188131597e+02 -1.064055419187924940e+02 4.613833035861436116e+01 1.195103990836346064e+01 4.633109430037349341e+01 1.033802480184352035e+01
1.328000000000000000e+03 7.422476619267679325e+02 -5.537636067375071036e+01 6.020741388372523595e+00 -2.222711467864399992e+02 2.429619036671194365e+01 1.706047991165995015e+01 6.016880275271781819e+00 2.401813993227736788e+01 4.480997901856584420e+00
1.337000000000000000e+03 7.793924207011142471e+02 -4.749724094038047895e+01 -3.802457971598260489e+00 -1.943727522601177782e+02 -1.562832580537797433e+01 3.871277672522610658e+01 -1.078386152570057455e+01 -4.315730539754436279e+01 -5.580721002145843102e+00
1.346000000000000000e+03 7.617319333658887217e+02 -5.999587097921554601e+01 5.330657534570372391e+00 -2.498479143646889327e+02 2.235635977481551251e+01 3.148230715039331074e+01 4.336934877643757957e+00 1.795142868475814169e+01 -4.674265861406431632e+00
1.355000000000000000e+03 7.893188950283989698e+02 -7.348242090589968711e+01 4.496401463325076620e+00 -3.117038545085063106e+02 1.928603934285177246e+01 1.748174378976338161e+01 3.562134550790572174e+00 1.482553065052617747e+01 -5.599557609213030140e+00
1.364000000000000000e+03 7.993683110596234656e+02 -6.398119851324454999e+01 -8.559845641048777765e+00 -2.767626694729796668e+02 -3.710881844088203252e+01 2.851323099583475340e+01 -6.873262529198531645e+00 -2.916305810178785762e+01 -9.567090287483731359e+00
1.373000000000000000e+03 7.957282561521385560e+02 -6.210358767411408820e+01 -3.329083994556113701e+00 -2.744941912559586399e+02 -1.515962051149778489e+01 1.605914603444771771e+01 7.964191889990241968e+00 3.475767577085785831e+01 -4.018530525684210986e+00
1.382000000000000000e+03 8.004730852852479757e+02 -4.160689740921756652e+01 2.958156777842193108e+00 -1.867476149215068801e+02 1.273726017120623943e+01 1.563613105944016546e+01 1.013934022112320044e+01 4.494268642925016621e+01 -9.758246573067600238e+00
1.391000000000000000e+03 8.270402143467216547e+02 -6.247927173748738028e+01 1.297235565178197447e+01 -2.866362513050142411e+02 5.915249900052530307e+01 3.607497381209370957e+01 1.029422054206870385e+01 4.619318279989542475e+01 2.198319097914074760e+00
1.400000000000000000e+03 8.530066450449370450e+02 -6.512888891041539807e+01 -2.694767960278555563e+01 -3.043817267986425463e+02 -1.254819704816246144e+02 3.933821240291766230e+01 -4.328397020626328029e+00 -1.975010579089459029e+01 1.276676315265046213e+01
1.409000000000000000e+03 8.434564195866082628e+02 -4.159773110154227993e+01 -2.075825201700064682e+00 -1.986560184802160904e+02 -9.958305016113294883e+00 -1.154035556082519243e+01 -3.467975863479734855e+00 -1.569450157776560673e+01 1.634274644597245185e+01
1.418000000000000000e+03 8.451946121225232673e+02 -6.177875545101283450e+01 -3.456738438597087182e+00 -3.006651662882439950e+02 -1.668188331154755133e+01 2.888237911658204027e+01 -8.504082252152572963e+00 -4.040041003409160680e+01 -1.919039945061422392e+00
1.427000000000000000e+03 8.159250170533329083e+02 -4.790346246944358199e+01 -2.107434502723354797e+01 -2.373278325460736369e+02 -1.041505377656358888e+02 2.305740465307451004e+01 8.357105235537071408e+00 4.074382621375644220e+01 -3.548710643353296668e+00
1.436000000000000000e+03 8.196177762351848060e+02 -4.054298606242022629e+01 9.105072093253511412e+00 -2.056443661934082172e+02 4.569832576264853685e+01 -1.567944649467832186e+00 -1.624151931432471230e+01 -8.133020102770186099e+01 -1.318942106444054296e+01
1.445000000000000000e+03 8.281800245863826149e+02 -5.736028171014652344e+01 -1.476730053336193471e+01 -2.964412216723892470e+02 -7.661220320423385033e+01 1.687924824582144367e+01 2.426840690099432152e+01 1.227236683619257747e+02 -1.824994969691631397e+01
1.454000000000000000e+03 8.024602561954102384e+02 8.408590706998444020e+00 -5.252311932177052833e-01 4.417358332198116244e+01 -2.745418168394127889e+00 1.537459273243206681e+01 1.215849313045334767e+01 6.310570616132767441e+01 7.208129708510515599e+00
1.463000000000000000e+03 7.861960512983952185e+02 -1.159684351661492308e+01 -4.464060818935503328e+00 -6.203420810539098085e+01 -2.383278548080683734e+01 2.153022119881071106e+01 -2.436032978703119412e+01 -1.289029998683133442e+02 1.214489332590989612e+01
1.472000000000000000e+03 7.775447676000603678e+02 1.016610576474722372e+01 2.034983338997161084e+01 5.585882406559150581e+01 1.121064440910419648e+02 1.116331752563243640e+01 6.563824746521195408e+00 3.509530942652492769e+01 1.753360821586241869e+01
1.481000000000000000e+03 7.670129960553068713e+02 1.712585600442128264e+00 -1.623229300479930259e+01 9.309920285980183507e+00 -9.049330843994238194e+01 1.310301549640861118e+01 3.005402530371185321e+01 1.657671355071007042e+02 2.147368994023726074e+01
1.490000000000000000e+03 7.622714341303181982e+02 1.028288053043953987e+00 -9.130649155769203773e+00 6.104166006242476072e+00 -5.232788985821163408e+01 2.806994523396052443e+01 2.442949378203852717e+01 1.367473081330203968e+02 1.233212414157143044e+01
1.499000000000000000e+03 7.330007598151040611e+02 -9.035434333014414676e+00 1.597284308636601047e+01 -5.319195064877567347e+01 9.366880333183354423e+01 -1.504129582822543654e+01 5.221912053157995004e+00 3.004237691259887910e+01 1.899330584329563365e+01
1.512000000000000000e+03 6.756190296014315209e+02 5.417221245039578470e+00 -1.241449461750732119e+00 3.240820295247605998e+01 -6.823920520664626288e+00 2.862760485820842860e+01 1.034658048851326129e+01 6.189827016102490376e+01 1.217194674052779213e+01
1.529000000000000000e+03 6.133787579922365012e+02 1.057297562970985894e+01 3.939694241572389455e+00 6.523905857125190266e+01 2.655629462906636817e+01 1.776534717662939400e+01 -3.995687105140086626e+00 -2.555373382184899356e+01 -1.107621676750424022e+01
1.546000000000000000e+03 5.681596430985664483e+02 1.319674163356278918e+01 -8.363953724738179218e+00 8.518138939683802846e+01 -5.449584696771477610e+01 1.925120833358582928e+01 2.960071888772571214e+01 1.920776279407600953e+02 -5.863932321285679983e+00
1.563000000000000000e+03 5.230817622951727799e+02 -6.589937268773125467e+00 -1.398281408275716942e+01 -4.583969071809089257e+01 -9.576282290279679899e+01 2.410196168601971678e+01 -1.777847959963199109e+00 -1.134974223051465714e+01 1.858075501045406241e+01
1.580000000000000000e+03 4.998416456757924493e+02 -2.090585115696302232e+00 9.819918694520977098e-01 -1.437039672845185834e+01 6.840950259212669415e+00 9.149456448605866044e+00 -2.354284304343088507e+01 -1.628754590498755874e+02 -6.519683465513858245e+00
1.597000000000000000e+03 4.568930942372597883e+02 -1.227301779510747437e+01 -2.882820481865672857e+00 -9.071820301867285252e+01 -2.177963837742429476e+01 4.158807624581358908e+01 6.527903335802156093e+00 4.769066035414867599e+01 3.806446175409602262e+01
1.614000000000000000e+03 4.383834292453012154e+02 -6.133291111807973373e+00 5.283479580865569680e+00 -4.738604532091432020e+01 4.062705327130102262e+01 2.368368062860752943e+01 -1.732319693225097623e+01 -1.313851740851204966e+02 -1.338338894352273600e+00
1.631000000000000000e+03 4.217713376783524950e+02 -2.492331954937478500e+01 -4.159705917282832566e+00 -2.027410768892743533e+02 -3.375266000380676701e+01 2.152447064902694862e+01 8.334378962023688331e+00 6.361146911800732084e+01 8.609516094706524569e+00
1.648000000000000000e+03 4.085880919062850012e+02 -4.832784719443625221e+01 -1.407192121849882049e+01 -4.080415046601943914e+02 -1.176241888470471082e+02 3.590019335583676252e+01 -6.280742501820841817e+00 -5.635579804410490823e+01 1.684954169634861998e+01
1.665000000000000000e+03 4.132051924311449511e+02 -4.227896819173670195e+01 -4.527182105224877517e+00 -3.744226470797653974e+02 -4.041008541274466381e+01 1.594637830672377632e+01 -1.462360756856013211e+01 -1.288808819632911025e+02 3.715340652528798415e+01
1.682000000000000000e+03 4.043804927077920297e+02 -3.767661204596423374e+01 -5.096086907729996618e+00 -3.496688947800063261e+02 -4.694226433449597380e+01 5.774183644547093763e+01 3.372794569704950618e+01 2.984903839108836792e+02 -9.228488073912311407e+00
1.699000000000000000e+03 4.144054846510830430e+02 -3.005752498193962197e+01 8.205091529211545165e+00 -2.882260669390589669e+02 7.856393607459133932e+01 4.504502659688643007e+01 2.535069600124201727e+01 2.373609252419883830e+02 -9.426143121527115198e+00
1.716000000000000000e+03 4.212070357167244197e+02 -5.498548967432890322e+01 -3.084771470842766039e+00 -5.521272270436714962e+02 -3.091625507904495862e+01 1.006212275466981865e+01 3.576962169265088676e+01 3.575321468661599624e+02 2.946543080866942077e+01
1.733000000000000000e+03 4.381050612027472084e+02 -1.157385202581537165e+01 -2.494346347001138042e+01 -1.206851434172363611e+02 -2.674574851559066815e+02 1.899909935245050363e+01 8.958486645639331059e+00 9.157649685033572950e+01 -2.165315396268934478e+01
1.750000000000000000e+03 4.040611977905675190e+02 -3.690120493209449393e+01 2.046922319905804866e+00 -4.126479221540208755e+02 2.194718526667134029e+01 1.360650097357955879e+01 1.264468051045280816e+01 1.312447607813537616e+02 2.746117629787878300e+01
1.767000000000000000e+03 3.991471372698538289e+02 1.536525317164225246e+00 -8.688202312248536785e+00 1.030095085124785648e+01 -1.001021043178338346e+02 5.493168178133518609e+01 -2.572946815961929090e+01 -2.877876801195204735e+02 1.295957650486329804e+01
1.784000000000000000e+03 3.945177037432987390e+02 -2.836033561196083497e+01 -2.399771690076715203e+01 -3.476240401467358652e+02 -2.913769478871799947e+02 -3.297753449431374406e+01 9.552479141061056556e-01 1.449803567874843857e+01 4.191780037766156930e+00
1.801000000000000000e+03 3.966911647233904432e+02 -6.494474264863804969e+00 2.850948165288595959e+00 -8.239607485187435998e+01 3.170219836595292051e+01 3.178279207518664151e+01 -9.880952739504046178e+01 -1.225465392548364434e+03 5.997432649209255118e+00
1.818000000000000000e+03 3.757885074579536422e+02 1.790272430096807099e+01 3.734141445996218778e+01 2.423733987230313858e+02 5.001189881892102562e+02 5.869073190730282619e+01 -3.765226953790349285e+01 -5.049744543117290050e+02 -6.268895525039150129e+01
1.835000000000000000e+03 3.472767929106987026e+02 -3.378009332049060731e+01 3.370400916087394450e+01 -4.757062180115841556e+02 4.763694544625350886e+02 2.734456652512921337e+01 8.702233692534966281e+01 1.195087533162288764e+03 -7.204533991436223062e+01
1.852000000000000000e+03 3.451719287615232474e+02 -6.269894937294643533e+00 3.611716780253230397e+00 -9.254934920762927675e+01 5.539015541769561679e+01 8.713596524306349522e+01 4.946811544955465934e+01 7.331290214223463408e+02 -2.748130492550049908e+01
1.869000000000000000e+03 2.927805465985426281e+02 -2.711638660819082958e+01 -3.433714243693695067e+01 -4.217182208921257711e+02 -5.352713937622766025e+02 4.564793480844762108e+00 -2.227615025106374702e+01 -3.325481285207683868e+02 -1.446017218637365787e+01
1.886000000000000000e+03 3.135410554505942855e+02 -1.980110089743367663e-01 5.408938329152650937e+00 -9.249130958553518411e+00 8.255600684854192650e+01 2.971576024828793194e+01 -9.214635965113531668e+00 -1.377942021091379843e+02 6.242337053261442747e+01
1.903000000000000000e+03 2.737389005349358513e+02 -3.564565588635538518e+01 5.235216015819572277e+01 -6.262491412242566184e+02 9.228176412988386801e+02 -8.190070482233913651e+01 4.166541357619265540e+01 6.863257497439525423e+02 1.177672246310240780e+02
1.920000000000000000e+03 2.802400958048865505e+02 -2.339588490453464331e+01 -6.855887357225310552e+01 -4.212691521671962391e+02 -1.257650273923851046e+03 8.999405963465788716e+01 2.012127610226911756e+01 3.338365263894385748e+02 4.946398152630303002e+01
1.937000000000000000e+03 2.820284663120376649e+02 -8.215802326905460973e+00 -8.398758444482453456e+00 -1.563318647335963760e+02 -1.573172204850624780e+02 -1.619720719217852789e+01 2.608795811825503463e+01 4.619492875840487613e+02 -5.040147191946657301e+01
1.954000000000000000e+03 2.604464190494213653e+02 -3.154159475102959931e+01 -3.406550107265178440e+01 -6.396306412507784671e+02 -6.866652815995105357e+02 -1.412245252476278381e+02 8.499602314743459175e+00 1.563655763274378216e+02 8.942435927307401755e+01
1.971000000000000000e+03 2.496050941998705355e+02 -3.000020036208415064e+01 2.375971004731080694e+00 -6.497857000531621452e+02 5.463328963642875635e+01 2.165784990483833639e+01 4.624103076630618858e+01 9.580945345183616837e+02 1.354671040712312813e+00
1.988000000000000000e+03 2.303752880004879842e+02 -1.353564544022605887e+01 -9.345209882274962965e+00 -3.110844809738993035e+02 -2.224510501052952236e+02 5.776717827410475792e+01 1.102179933738348012e+02 2.374721929177176662e+03 1.094316731235923470e+02
