# l Dl_TT Dl_TE Dl_TB Dl_ET Dl_BT Dl_EE Dl_EB Dl_BE Dl_BB
3.000000000000000000e+00 1.693810223806070212e+02 3.846571900288324741e+00 -2.925185101116920094e+00 4.470836342280198217e+00 -3.439427647573799707e+00 2.531771493713119714e+00 8.443363980183106188e-01 8.442688547252016340e-01 -3.503506999874221317e-01
7.000000000000000000e+00 7.117234019157839384e+02 3.112909427890061753e+00 2.956359847061523105e+00 3.658477386187482860e+00 3.579854921435614123e+00 -1.718228202584163034e-01 1.533620239517696771e-02 1.532887452827035382e-02 2.204952022555987656e-01
1.200000000000000000e+01 6.113737582183081258e+02 7.063722159670952072e-01 -4.006949712966303423e-01 9.213002460701747998e-01 -3.983335134378652720e-01 3.421133257230816183e-01 -8.939921380639197224e-02 -8.939902348234583795e-02 2.001814205714523287e-01
1.700000000000000000e+01 8.686407894575370392e+02 -8.414977111367749618e-01 4.243417291221887488e+00 -9.300428185572808815e-01 4.811416694309330389e+00 3.032034326218465692e-01 -6.217628135485196716e-02 -6.218471461753902890e-02 3.516175155352462833e-01
2.200000000000000000e+01 6.841557758790584103e+02 7.619873896672670899e-01 -2.593191417440389168e-01 8.888270422628892220e-01 -1.012783965015621873e-01 5.877324316237813040e-01 1.929161955886209978e-01 1.929856115528384708e-01 2.465045064220018622e-01
2.700000000000000000e+01 9.559930167594036448e+02 1.599548906978182972e+00 8.233099655439908293e-01 1.910398289384868775e+00 9.722744575918513821e-01 4.528475926164115539e-01 1.199145405303242845e-01 1.199901967460987595e-01 1.497158327912087583e-01
3.200000000000000000e+01 1.139390177565062913e+03 5.224584109700112222e+00 1.455360802059114000e+00 6.291347285794975264e+00 1.687651999885488197e+00 2.097714991596891509e-01 3.735137827171271935e-02 3.739246949169513362e-02 1.835182157966070704e-01
3.700000000000000000e+01 1.263140084936047742e+03 4.140414551805023713e+00 -1.003052685417465728e+00 4.846728344329587657e+00 -1.133873549341729570e+00 3.324372259471500834e-01 -2.323184776618639202e-02 -2.327343187134183616e-02 2.490926193358974083e-01
4.200000000000000000e+01 1.440611525847598841e+03 3.900094246559377975e+00 2.070396967049200843e+00 4.826151632317118079e+00 2.355214116166286953e+00 4.983164642390575105e-01 3.120881653301281825e-02 3.127421577259919400e-02 3.868615034635152772e-01
4.700000000000000000e+01 1.358363461758649009e+03 4.681056367118795469e-01 -1.577527693663719255e+00 4.294884799850141599e-01 -1.783482670173760498e+00 5.478286430357801606e-01 -1.325032030477137357e-01 -1.327621869218651995e-01 1.577940986617227814e-01
5.200000000000000000e+01 1.416377112740968414e+03 1.128307329508347445e+00 2.742348419372837576e+00 1.456253974528117556e+00 3.111420442474448933e+00 3.242826187534962323e-01 -9.471275389472563755e-02 -9.496589097780018529e-02 1.612292819407876721e-01
5.700000000000000000e+01 1.736921662989703009e+03 -3.163675260062852601e+00 -3.453075646873523308e+00 -3.761379941860001797e+00 -3.847273307758887206e+00 4.778305031486251298e-01 -1.122549417218030171e-01 -1.126148395501414823e-01 1.356511169562720220e-01
6.200000000000000000e+01 1.626705653269211780e+03 -6.370114843769419721e+00 3.437997323769419467e+00 -7.685913644696253932e+00 3.923102707175137649e+00 7.105813031248553457e-01 -7.219769954591562233e-02 -7.248693644763723465e-02 8.882497413284132226e-02
6.700000000000000000e+01 1.893094263651729534e+03 5.985890094167864994e-01 -1.925707120746287249e+00 6.360246790602938072e-01 -2.287704459427356340e+00 3.746702801400917937e-01 -9.189070571893913353e-02 -9.227618605378842820e-02 1.359530880559698951e-01
7.200000000000000000e+01 1.959500551256404378e+03 -1.172242037018571281e+01 -2.265843904962523969e-01 -1.401723499549551910e+01 -1.803471846242669652e-01 4.439274869496568354e-01 -6.968805878430561589e-03 -6.980784724331679132e-03 1.787264115572400613e-01
7.700000000000000000e+01 1.804638854364879762e+03 -3.526875692199237911e+00 4.918058196197396259e-01 -4.383079497450308892e+00 4.353597754031454659e-01 1.008729163474222590e+00 -4.114778081245096253e-02 -4.139528026258269822e-02 3.149467677320956227e-01
8.200000000000000000e+01 2.195183579331466262e+03 -9.982045901729375004e+00 1.314892728603409111e+00 -1.186243864898309397e+01 1.693362202061671429e+00 7.534014366260068929e-01 1.153651401313198280e-02 1.165715906447477648e-02 2.107897153404432733e-01
8.700000000000000000e+01 2.370213954909929271e+03 -1.499417316266640476e+01 -7.267445734533053425e-01 -1.814740163350642632e+01 -8.454856108470492071e-01 8.172505279763182529e-01 -3.000632877550634542e-02 -3.023735530282514739e-02 2.025744439490211879e-01
9.200000000000000000e+01 2.425725864061747870e+03 -1.724378358762091068e+01 -4.805055676141928300e-01 -2.100314059996977178e+01 -6.639028445089755204e-01 1.159382511937365079e+00 -1.782848439422660414e-01 -1.798121459205227202e-01 1.886050982048503855e-01
9.700000000000000000e+01 2.582276988494654233e+03 -2.563614470261579115e+01 1.701726573513027363e+00 -3.074629277807700944e+01 2.069374004122659816e+00 8.720478686304939941e-01 -2.102342751551696254e-01 -2.122041369313816817e-01 2.062627680459944712e-01
1.040000000000000000e+02 2.951394867290254751e+03 -2.465279223367940631e+01 8.795501201493381993e-01 -2.993622008757501618e+01 1.148265783591690958e+00 1.163731636567070460e+00 6.247816103378816405e-02 6.309830056309737034e-02 9.354101157417406276e-02
1.130000000000000000e+02 3.261611916640072650e+03 -2.904911987488060277e+01 3.793438349795260400e+00 -3.538979003277230362e+01 4.489560629341261766e+00 1.321908726734863704e+00 -8.921636346010829166e-02 -9.040026282385907330e-02 6.328182940101964582e-02
1.220000000000000000e+02 3.451211999795555585e+03 -3.745882832045368360e+01 1.847445187364097574e+00 -4.538713504386801390e+01 2.400295998227090610e+00 1.268410283610636791e+00 -1.008543942961621920e-01 -1.023629303652998507e-01 2.173423316648468162e-01
1.310000000000000000e+02 3.648214141291055967e+03 -3.963350102368912076e+01 7.756110226073975156e+00 -4.826747164031019821e+01 9.290202936031644043e+00 1.619102103739623821e+00 -1.825713691787771431e-01 -1.855828929085882595e-01 1.646920833378947846e-01
1.400000000000000000e+02 4.226033496487584671e+03 -3.610431640725290947e+01 3.984871241303920897e+00 -4.403572338378077689e+01 4.973531706541431952e+00 9.457433326170363586e-01 -8.572732659473619732e-02 -8.730287097613884106e-02 -1.766311343731438166e-01
1.490000000000000000e+02 4.187919558894856891e+03 -4.143600883377703781e+01 8.869603339893039617e+00 -5.097721218024179990e+01 1.066326169470251806e+01 8.200403616090158332e-01 1.376056832815367448e-01 1.408754212350994961e-01 2.824413225511650527e-01
1.580000000000000000e+02 4.787252788416562908e+03 -5.035849827728642936e+01 -3.078302884790881322e+00 -6.164717988075416599e+01 -3.631125949996039992e+00 1.465569659746642550e+00 -4.506564330915983074e-01 -4.615324579414437078e-01 8.307457770996977409e-02
1.670000000000000000e+02 4.936388714534465180e+03 -4.839921596743275245e+01 1.034245940784337847e+01 -5.958798304429572568e+01 1.289932540252290316e+01 1.251152377050758879e+00 -3.457111180760363833e-01 -3.552228416487970275e-01 3.955675975039696923e-01
1.760000000000000000e+02 5.024428918887514556e+03 -4.213626856045456037e+01 -2.081993167632066211e+00 -5.212138544567466880e+01 -2.727388341618512069e+00 1.456701983995063232e+00 9.096776048918742141e-02 9.374788300630038096e-02 2.470546993218787069e-01
1.850000000000000000e+02 5.354068227550048505e+03 -2.981660881448924982e+01 9.372144878503770871e-01 -3.705617109479609894e+01 1.247826306239992800e+00 1.338292545943150280e+00 5.646455668040753495e-02 5.871399911858174447e-02 3.646810981592556872e-02
1.940000000000000000e+02 5.487097985584383423e+03 -2.812310470984558819e+01 -7.134795096051583796e-01 -3.482805511168040624e+01 -9.944062099087785933e-01 6.897202599729754802e-01 1.948636083888795612e-01 2.020682010988050781e-01 1.308122382441075926e-01
2.030000000000000000e+02 5.506686341781763076e+03 -1.511616139808192294e+01 -2.296959868458687826e+00 -1.878558082069235979e+01 -2.885848420881272247e+00 8.330601271107822559e-01 -1.323661884744362083e-01 -1.372146075023308043e-01 3.008163397045965914e-01
2.120000000000000000e+02 5.774306878320039687e+03 -6.509028358437995987e-01 4.187376114404765537e-01 -7.517603858142494211e-01 5.888093872489645886e-01 7.493354912164336135e-01 2.362167066350949751e-01 2.464663383598017510e-01 6.924433379002148392e-02
2.210000000000000000e+02 6.000263405991297077e+03 2.133311764279030953e+01 7.253914222993835814e+00 2.669474279390302129e+01 9.096342289290893390e+00 1.456483825237769647e+00 6.824898963075498592e-02 7.134918867487353988e-02 3.617542703888179667e-01
2.300000000000000000e+02 5.730488586055856103e+03 2.606337140460033552e+01 6.121026223393910559e-01 3.290350294744434478e+01 9.571468636510860328e-01 1.466903222825385988e+00 -2.674375966664525039e-01 -2.810161815979737576e-01 3.244817449480780769e-01
2.390000000000000000e+02 5.850971092965399293e+03 5.297901198375394216e+01 8.415298412064117883e+00 6.667113738964351910e+01 1.028039219771364010e+01 2.363044587179690570e+00 2.797681728066507834e-01 2.959073735022685336e-01 1.516412422974434127e-01
2.480000000000000000e+02 5.527881412187397473e+03 5.230899927283444839e+01 -9.013533517065432932e+00 6.691440336446832760e+01 -1.119826218771070891e+01 1.980939268804225994e+00 -5.981320695881687799e-01 -6.334773956904846681e-01 8.577487974515360936e-01
2.570000000000000000e+02 5.231934658157730155e+03 7.418091886233388266e+01 1.549262686561753632e+01 9.422056515372121055e+01 1.954405300187453776e+01 3.600494238604486252e+00 2.739992875406338513e-02 2.930175914553983380e-02 2.202524119470401776e-01
2.660000000000000000e+02 5.040181597418376441e+03 8.261326703977687202e+01 1.107559393154112115e+01 1.060006686420279323e+02 1.419288660629525722e+01 3.945413912346722007e+00 -3.935097295680027862e-01 -4.196900332513073262e-01 -5.231002145065825060e-01
2.750000000000000000e+02 5.037721532860887237e+03 1.122885343521777202e+02 -2.752908670177569128e+00 1.442330937116689427e+02 -3.524500803627317769e+00 5.255563129795068456e+00 -3.451399066590902232e-01 -3.702822622846791978e-01 3.777845729864508506e-01
2.840000000000000000e+02 4.553012161478409325e+03 1.058702221398537091e+02 2.127894987987874131e+00 1.364276020764649218e+02 2.918299910365834027e+00 6.099576470074466350e+00 2.007360778861820572e-01 2.167785831380550088e-01 2.499145806567707739e-01
2.930000000000000000e+02 4.305302446350463470e+03 1.175661309191045234e+02 5.677093220537019924e+00 1.525108407695291817e+02 7.181935285635431043e+00 7.255076683561169304e+00 5.732602030840019403e-01 6.208784090166544756e-01 -3.209199348604139246e-01
3.020000000000000000e+02 3.933473814994325494e+03 1.091516511014325772e+02 1.541016953502092113e+00 1.422745231357821467e+02 2.292994432610351740e+00 9.119537080580208510e+00 -3.642765931279643987e-01 -3.958650132883227979e-01 -5.135648766230099110e-02
3.110000000000000000e+02 3.607357810260356928e+03 1.195158011988307152e+02 6.582954118166676416e+00 1.563430308549982328e+02 8.334204925803778252e+00 1.122971559227192273e+01 6.109719581692528712e-01 6.684398949916739996e-01 -2.804469401812371143e-01
3.200000000000000000e+02 3.367876937345610713e+03 1.019889658288744414e+02 -3.113961194048073255e-01 1.347174924861060958e+02 -2.864588719533955885e-01 1.268436211193499474e+01 -4.047420735051168728e-01 -4.442279348918820592e-01 7.632301399703840528e-02
3.290000000000000000e+02 3.202135555697408108e+03 1.214013277202043639e+02 8.909854058399552912e+00 1.604050732784466788e+02 1.159776432021467407e+01 1.604507134939697366e+01 1.256066482391982264e+00 1.388044566877708608e+00 -1.057151160821204972e+00
3.380000000000000000e+02 2.845608503099504560e+03 1.040238940615153496e+02 8.129346738910701475e+00 1.385032369017581289e+02 1.097532209339171594e+01 1.560547161699543750e+01 4.611361988882186624e-01 5.144039648983042001e-01 -2.852878510045254168e-01
3.470000000000000000e+02 2.463438068346777072e+03 8.351408546689464174e+01 5.472019634711580593e+00 1.116836875881191844e+02 7.166005016201899558e+00 1.730380098530048016e+01 -9.112577814924063269e-01 -1.015766292649970204e+00 -3.774576482607737704e-01
3.560000000000000000e+02 2.362323554225716180e+03 7.411690472486225190e+01 5.691141474689347390e+00 9.972999449420733242e+01 7.685007233559947970e+00 1.842068836277628918e+01 2.080362915707867799e+00 2.335573294704966774e+00 6.825492538541058640e-02
3.650000000000000000e+02 2.214563855507989047e+03 5.351255591632084929e+01 1.007131361081639920e+00 7.269921958148329111e+01 1.605289055681476063e+00 1.675240226217342965e+01 6.897500567926985182e-01 7.794198150857213347e-01 1.727493069394533121e-01
3.740000000000000000e+02 2.063738371185404958e+03 5.879106633841946916e+01 3.644635952207964102e+00 7.952814724483570785e+01 4.956442816568273457e+00 2.240208977278888369e+01 4.110885357296411580e-01 4.652320408722123712e-01 4.471833153224229473e-01
3.830000000000000000e+02 1.916761670801507989e+03 3.215778931377457894e+01 4.963564630663634070e+00 4.414625461239374005e+01 6.800519034003425389e+00 2.254652333540970233e+01 9.239617347369193101e-02 1.055990412892874736e-01 -1.238400125103016558e+00
3.920000000000000000e+02 1.793964011797675539e+03 2.055887854582062957e+01 6.765979637019110982e+00 2.815792910017892581e+01 9.097245328383049667e+00 2.282453900438302696e+01 -2.674884680416484972e-01 -3.093690877430007591e-01 1.594340113315872998e-02
4.010000000000000000e+02 1.759060306195700832e+03 1.916368338182242059e+00 5.643597719330345264e+00 2.855159415594196837e+00 8.031017874805092660e+00 2.018008202618492319e+01 1.165686999036462002e+00 1.349390093268962421e+00 -1.522266462259439512e+00
4.100000000000000000e+02 1.728499227333725912e+03 -2.332910734897579630e+01 -4.774981133858283044e+00 -3.249252124173597167e+01 -6.605725640949184019e+00 1.913364038064466399e+01 6.139651821825702349e-01 7.171839629342727784e-01 -2.672648918647908545e-01
4.190000000000000000e+02 1.747586145068579526e+03 -3.121014950525173148e+01 3.769916306018611163e+00 -4.384216522590876508e+01 5.119440578877552106e+00 2.135382522944852113e+01 -2.783950235129908357e-01 -3.235863122462412367e-01 -1.494595601501758741e+00
4.280000000000000000e+02 1.792757288819668474e+03 -4.739864635646222268e+01 -3.182763050658569348e+00 -6.708492862254928468e+01 -4.544528394692365580e+00 1.585734747119956189e+01 -9.545160880537216785e-01 -1.124880458964384822e+00 -7.010533923780675192e-01
4.370000000000000000e+02 1.790373029979834428e+03 -5.977549126165930460e+01 5.206526316432923629e+00 -8.509250784273467616e+01 7.379309903545557603e+00 1.720285423245380585e+01 1.201672615590423820e+00 1.426924298550339198e+00 -2.102714749238964453e-01
4.460000000000000000e+02 1.901287691193074124e+03 -5.619410738033106156e+01 3.744728453464097662e+00 -8.057020528686078364e+01 5.364027348494349923e+00 1.543965572263167729e+01 -4.306134132998822861e-01 -5.149687043929159769e-01 3.619481042882539135e-01
4.550000000000000000e+02 2.066034925348485558e+03 -7.545903733894931520e+01 5.809962373037077299e+00 -1.088993333739894780e+02 8.461903224583533500e+00 1.260321125620906280e+01 1.692585273127261147e-01 2.053545977347343288e-01 7.890063023154168798e-02
4.640000000000000000e+02 2.212761335022524690e+03 -7.695188200119845590e+01 3.828630361941407045e+00 -1.121017439909206104e+02 5.621087159037245762e+00 1.356727604490773231e+01 -1.683327826172093256e-01 -2.040464797044988510e-01 -1.086318388128565626e+00
4.730000000000000000e+02 2.219699821627555139e+03 -6.992296154058382740e+01 2.043303488627900322e+01 -1.027923618667048515e+02 2.980341707768334558e+01 1.168732996562590820e+01 -1.905628739324290999e-01 -2.310610635740334429e-01 6.236383250513175547e-01
4.820000000000000000e+02 2.304914001661028124e+03 -6.793070431694646061e+01 4.212517051930102951e+00 -1.002176992589883895e+02 6.356592938020334316e+00 1.142492982033127724e+01 -2.851905466814185885e+00 -3.516341857269131843e+00 -4.148893609897025964e-02
4.910000000000000000e+02 2.394415314148210200e+03 -6.338411147799880041e+01 5.112285385112373959e+00 -9.395636796603525909e+01 7.695684736747537613e+00 8.395253684687791207e+00 -1.234963679104099654e-01 -1.588276668509411849e-01 -3.937725123510459335e-01
5.000000000000000000e+02 2.457000386332972539e+03 -5.678159543009198273e+01 8.022644085185296481e-01 -8.544433178883180346e+01 8.250017329460901383e-01 8.718443151795572277e+00 1.549947019554810401e+00 1.944047108800864843e+00 -1.963578492731256508e+00
5.090000000000000000e+02 2.624255875438420389e+03 -4.636711938062072846e+01 7.644927488783758385e+00 -7.000366312465192209e+01 1.197669110520033264e+01 9.206096533620049982e+00 -6.100839623593163896e-01 -7.662731592907435774e-01 3.133614827600434971e-01
5.180000000000000000e+02 2.592827836430881689e+03 -5.633888697856352223e+01 1.040557827421350012e+01 -8.590251363967848874e+01 1.560560468060316452e+01 6.335829883275190255e+00 -2.312499576719590166e+00 -2.947295726973303331e+00 6.462919771616834064e-01
5.270000000000000000e+02 2.607120118195930445e+03 -2.464245038145899613e+01 3.723713321629286144e-01 -3.804859795817202439e+01 5.459523355051625337e-01 5.826329100679406459e+00 2.416175771375966619e+00 3.099275235194251188e+00 -6.186083516479375932e-01
5.360000000000000000e+02 2.527363986770566044e+03 -2.853048733431287687e+01 1.068005427155263654e+01 -4.426480738371051871e+01 1.702903012385806036e+01 7.342363789044079603e+00 -8.000362135901885330e-02 -9.804861398406404527e-02 -9.543754233393621916e-03
5.450000000000000000e+02 2.510717699371659364e+03 -1.276758861159196989e+01 3.681050841943804830e+00 -1.980859510720829064e+01 5.582829471249400655e+00 8.607705902142107846e+00 -2.340121553764416829e-01 -3.066591728200831479e-01 3.730093340248094025e-01
5.540000000000000000e+02 2.585669889244975366e+03 2.783583931026818448e+01 5.379007055299358520e+00 4.366554821042601020e+01 8.519205855463148680e+00 7.977812820830326501e+00 3.920122020610131847e-02 5.512002011950725699e-02 -8.819381482184294185e-01
5.630000000000000000e+02 2.560583283383170055e+03 2.057345435784041143e+01 1.003397095215177437e+01 3.294642773755317222e+01 1.592988392950852905e+01 1.093405367477928536e+01 4.879245293340960243e-01 6.452886886668651734e-01 3.236856153270272762e-01
5.720000000000000000e+02 2.411811286970476431e+03 2.020489937468985886e+01 6.381696261440989559e+00 3.244682965065096880e+01 1.034528473657087133e+01 1.216596242078835566e+01 -7.567326470102566649e-01 -1.018760976916861738e+00 -1.242975135836346806e-01
5.810000000000000000e+02 2.399572609055264365e+03 2.381603850229864605e+01 1.753282641167677625e+01 3.877610673592781154e+01 2.802376459881564230e+01 1.516966899279842806e+01 -1.150254226351287379e+00 -1.564688493096731747e+00 -6.365091038420925829e-01
5.900000000000000000e+02 2.401226670184571958e+03 2.893525478219952163e+01 1.665330792406085081e+01 4.707834865196240770e+01 2.735030242154164171e+01 1.668089535749645691e+01 1.139361991775449612e+00 1.550346999589045094e+00 -8.585499108871630369e-01
5.990000000000000000e+02 2.243619676896640158e+03 3.359818476735208037e+01 1.494853233848253815e+01 5.587008401868882146e+01 2.488663468122238953e+01 1.845115448068845154e+01 -2.366788054746936432e+00 -3.263087483347246742e+00 1.478082572309394216e+00
6.080000000000000000e+02 2.157683786025123482e+03 3.732021055429063949e+01 -2.091514787678290688e+00 6.215463734660923478e+01 -3.129500660106629972e+00 2.215537927406991514e+01 3.017611287657544494e+00 4.193166564764654325e+00 3.356613753325481397e-01
6.170000000000000000e+02 2.151560326382488256e+03 3.738556397245974239e+01 9.651708797525410333e+00 6.277136039323016092e+01 1.610444205903080928e+01 2.242550773724747515e+01 1.025509563716485495e+00 1.446483907375487377e+00 1.933310090166262096e+00
6.260000000000000000e+02 1.977524722173829332e+03 1.282439372723434268e+01 8.120162114932840680e+00 2.176680363468011592e+01 1.345480174628222159e+01 2.656377858054545982e+01 3.164706001315553685e+00 4.484752336007371554e+00 3.506176094851853442e+00
6.350000000000000000e+02 1.976103867268915792e+03 1.680562962622165424e+00 -5.217225860424323791e-01 2.830384722507345074e+00 -2.724731924966771746e-01 3.288754012228056922e+01 -2.618857794123035654e-01 -3.573997792791711037e-01 1.039110100072104526e-01
6.440000000000000000e+02 1.863717509658034260e+03 -7.029010581053465323e+00 -3.991106623337505876e+00 -1.240405472417537958e+01 -7.146383334043985514e+00 3.075024780498213417e+01 1.191474410067285161e+00 1.737182500596205603e+00 1.635072620250052289e+00
6.530000000000000000e+02 1.865069592512293184e+03 -2.112008438073477734e+01 -8.771179285893108357e+00 -3.625623693518902257e+01 -1.555990333728101049e+01 2.958190443576416584e+01 -1.220264723720027700e+00 -1.788996316309017232e+00 -5.427685450995945793e+00
6.620000000000000000e+02 1.889902152309086659e+03 -2.529843587617281742e+01 5.656292521899080938e+00 -4.496306148182913631e+01 1.000886158954807215e+01 3.086113375349291843e+01 2.537530646070576879e+00 3.727936560266348565e+00 -3.593715387661150729e+00
6.710000000000000000e+02 1.824783972611388435e+03 -4.205035808173347078e+01 2.085909972795956691e+00 -7.552952685831593271e+01 3.967820205396599853e+00 3.595403691003289737e+01 4.770283284916855493e+00 7.109531282857994405e+00 -8.660542652045252199e-01
6.800000000000000000e+02 1.770115607311868644e+03 -6.662117433900961316e+01 8.530002924829762634e+00 -1.206951842863381898e+02 1.482757962716885203e+01 3.393608379039724099e+01 3.406853443658479641e+00 5.135571382525905726e+00 4.228788048115024623e+00
6.890000000000000000e+02 1.824978027667452807e+03 -7.728072656243935512e+01 -5.301977275272124146e+00 -1.405699564415722875e+02 -9.013925771661639885e+00 3.399064339903546283e+01 -3.896547978559548042e-01 -6.236577155446058063e-01 2.525832015491998206e+00
6.980000000000000000e+02 1.902320655162860930e+03 -9.155001888681675837e+01 1.138865872808071344e+01 -1.697006904139774406e+02 2.082651227408097938e+01 3.499307580494776460e+01 -2.530424815562631213e+00 -3.905357319059123977e+00 2.175614421602543036e+00
7.070000000000000000e+02 1.944931698745292806e+03 -1.022270894942863606e+02 1.913662998504379686e+01 -1.907070034949477986e+02 3.554916873961427370e+01 3.657938048063849124e+01 -1.240996573129212965e+00 -1.926826851305965649e+00 1.510570549224803827e+00
7.160000000000000000e+02 1.957312091681656284e+03 -1.101400274234165977e+02 -7.576439134750343030e+00 -2.084444074486083309e+02 -1.399867515713156507e+01 3.697368318141920440e+01 7.220114474900365842e+00 1.140692012133341215e+01 2.389816398917975704e+00
7.250000000000000000e+02 2.013643379121253702e+03 -1.249866697885751989e+02 2.666912660050538175e+00 -2.384675565705576616e+02 4.929264928950953362e+00 3.577412850661340826e+01 3.264346192625675158e+00 5.212567082224386361e+00 -4.208826310060541642e-01
7.340000000000000000e+02 2.063788917420339203e+03 -1.324155059482165768e+02 8.835872671438069759e+00 -2.560899335662477370e+02 1.699150247727722274e+01 3.280958678930706185e+01 1.560987261419595429e+00 2.518140698636807784e+00 1.463837485190182530e+00
7.430000000000000000e+02 2.207725085898115594e+03 -1.219878904004201274e+02 7.226090938633664251e+00 -2.381709501351059544e+02 1.443754786383569666e+01 2.471759585642940493e+01 -2.219329466720712851e+00 -3.619602125374878465e+00 1.159074453997499310e+00
7.520000000000000000e+02 2.273918033232014750e+03 -1.232489745491255491e+02 1.388672794475288086e+01 -2.443759874442019111e+02 2.739343974814244120e+01 2.987796066926658511e+01 -2.329708480694014483e+00 -3.847168335814884266e+00 4.076609363597265556e+00
7.610000000000000000e+02 2.329001208602795487e+03 -1.202056491748720788e+02 1.950153962175461686e+01 -2.410197726765588015e+02 3.850962720529206251e+01 2.050344516851234999e+01 9.657529069272063893e+00 1.618160046369213489e+01 4.682937581972941743e+00
7.700000000000000000e+02 2.355756207856114543e+03 -1.132351394091692214e+02 1.307005591255696686e+01 -2.283972381234052591e+02 2.715446161910093181e+01 1.664447392430030703e+01 -8.774989246314219837e-01 -1.422005084545095777e+00 3.664825632873699668e+00
7.790000000000000000e+02 2.347360742271172512e+03 -8.115766128491956977e+01 1.097073530375252304e+01 -1.678268735999704404e+02 2.228238900343361806e+01 2.297135576095817200e+01 2.033222856211073903e+00 3.519083442401940154e+00 -2.171239948976054990e+00
7.880000000000000000e+02 2.481598828751131350e+03 -1.020906933921708770e+02 -8.144284218453684332e+00 -2.111926460031515091e+02 -1.710023417449680849e+01 2.122610289747596823e+01 -1.317243346449276375e-01 -2.111191265315753851e-01 -3.976606835340654178e-01
7.970000000000000000e+02 2.462684574866896128e+03 -7.563276126272381816e+01 1.063574661501611729e+00 -1.587335581245531841e+02 2.640162575841061621e+00 1.378488415598326711e+01 -4.714855839860739195e+00 -8.241657205724390423e+00 -3.175390827316756148e+00
8.060000000000000000e+02 2.519082129675644410e+03 -6.473828977357071324e+01 1.571441407669437673e+01 -1.380846552680234822e+02 3.260486008476188147e+01 2.166805231764215733e+01 -8.636805617024760906e+00 -1.535145499271787095e+01 -1.415908070029772592e+00
8.150000000000000000e+02 2.592119812862286835e+03 -5.072029505560342955e+01 7.493692081793771997e+00 -1.102056914068743509e+02 1.617153429764344708e+01 1.662271825752954513e+01 1.048203689184504128e+01 1.884257278125379287e+01 -5.472250249117752929e+00
8.240000000000000000e+02 2.526144899309932498e+03 -4.564133005068813986e+01 3.695844566651988128e+00 -9.937153820733946930e+01 8.098064777527294922e+00 1.259405856341346208e+01 3.969884716748623532e+00 7.256044451908358006e+00 1.591538976988455589e+00
8.330000000000000000e+02 2.520557329571607170e+03 -9.822003620715756611e+00 1.486162811020009045e+01 -2.113762690384611531e+01 3.363920768320117105e+01 1.821001993493776894e+01 1.020527493449343348e+00 1.855469043122713657e+00 6.543496677422878882e+00
8.420000000000000000e+02 2.513634599178365079e+03 -8.045179011606258257e+00 2.166659400770348398e+01 -1.805356697057925430e+01 4.751725884396953603e+01 1.026496102617499240e+01 -1.468491746720705482e+00 -2.729551774543629072e+00 -1.250726676603402421e+00
8.510000000000000000e+02 2.369628137631114441e+03 5.079669561960845847e+00 2.804136828065384179e+01 1.091765196294284479e+01 6.380578004120665270e+01 1.122447270782903495e+01 4.605949603834120332e+00 8.730041802382821459e+00 8.607389014719490916e-01
8.600000000000000000e+02 2.365815282678600852e+03 7.044744210812921459e+00 2.283950657722020328e+00 1.698467304985906878e+01 6.386337833948920739e+00 1.199292866998856866e+01 1.362571446878178216e+00 2.584323911785208150e+00 2.354912522470434588e+00
8.690000000000000000e+02 2.275991664748099083e+03 3.901735963857012024e+01 1.126957796808424916e+01 9.120676778935836637e+01 2.574957807984171509e+01 1.758225156857225002e+01 -5.850172151548054700e+00 -1.133305559753642910e+01 9.248389548259700277e+00
8.780000000000000000e+02 2.170735405182172599e+03 4.669880186834532765e+01 2.471858208994265382e+01 1.097889243508214037e+02 5.887289332764652983e+01 1.473584271386480538e+01 7.748915677599181595e-02 7.534404798259330960e-02 1.080361623728371967e-01
8.870000000000000000e+02 2.089443155803469836e+03 3.278207796169757415e+01 2.565571732303722285e+01 7.978269829400450419e+01 6.172367492958036195e+01 1.553970884227220850e+01 -2.067404469642254661e+00 -4.171111864957091520e+00 7.820369390323509862e+00
8.960000000000000000e+02 1.946773680724347514e+03 7.046568749276029564e+01 3.267014370121726685e+00 1.711571993948460886e+02 8.350596481339493948e+00 2.363706782862820432e+01 -7.329571206134293249e+00 -1.487988807205021757e+01 1.282118136746695747e+01
9.050000000000000000e+02 1.857978215534866195e+03 6.537696790241676581e+01 1.855608805944384443e+01 1.616096037872034685e+02 4.612224457778813047e+01 1.983477115519909262e+01 7.667425439124637698e+00 1.581728156976935118e+01 -2.098360003139041474e+00
9.140000000000000000e+02 1.779138782064758288e+03 7.760797788087950266e+01 4.337528178438430615e+01 1.946961018099930811e+02 1.073295981570682471e+02 2.530314247591947208e+01 1.434719634692067736e+01 3.002402483518284271e+01 -4.351816503515667733e+00
9.230000000000000000e+02 1.607385204438579649e+03 6.525162663260782381e+01 9.530305376304065490e+00 1.667830246711144753e+02 2.453936225702596374e+01 2.898881916511900769e+01 5.138513000579490786e+00 1.084678440676276523e+01 1.247016404920968879e+00
9.320000000000000000e+02 1.575045135199731931e+03 6.388567828094029721e+01 4.541232543749956996e+00 1.645832919426465821e+02 1.272041090441887157e+01 3.633670750365297408e+01 4.640177675244048672e+00 9.952598741180699093e+00 1.929707954718890006e-01
9.410000000000000000e+02 1.440780491035280875e+03 3.889954795322397274e+01 1.953373997165214249e+01 1.026986114549041957e+02 4.975237353101388749e+01 3.719965227877617053e+01 4.828542553210397159e+00 1.059452357730294914e+01 -2.357338375874578063e+00
9.500000000000000000e+02 1.346038771197547476e+03 4.582681088319252893e+01 1.017392974858930899e+01 1.207173620689228670e+02 2.854512431957671481e+01 4.513826208453674127e+01 4.523309957238474510e+00 1.004114953808460342e+01 2.739514571633115403e-01
9.590000000000000000e+02 1.301969569204060235e+03 2.851873727957541149e+01 1.920433776228981770e+01 7.728971259159425244e+01 5.103977896641826817e+01 3.882488636939074667e+01 5.708862235140538921e+00 1.288599814719625947e+01 -6.063018625268316697e+00
9.680000000000000000e+02 1.237192891192896241e+03 1.286385009431268323e+01 -5.854792098958057522e+00 3.451659480002196290e+01 -1.539336572542366177e+01 4.114540004217852243e+01 -2.344280097720430334e+00 -5.335074846734917386e+00 -7.222583039529506088e+00
9.770000000000000000e+02 1.157822865555350518e+03 1.091489425302703786e+01 9.090340544312386584e+00 3.122257384840103001e+01 2.480971421766672336e+01 3.393553896512148782e+01 -2.115703398350073705e+00 -4.884026898008821505e+00 4.575394977167336896e-01
9.860000000000000000e+02 1.134211768791782561e+03 2.641049904468688325e+01 3.019648563195223900e+01 7.374920184994232386e+01 8.505395603510568492e+01 2.751661532817173139e+01 4.962294808144217306e+00 1.169193181428045136e+01 1.004149854369642725e+01
9.950000000000000000e+02 1.078972650864295019e+03 -2.834931241120992951e+01 1.522045007651837167e+01 -8.048646049959569382e+01 4.443093736716880926e+01 4.083437936889887965e+01 -2.451832074394374672e+00 -6.026530080383058596e+00 -1.173897926055870577e+01
1.004000000000000000e+03 1.019589935031084451e+03 -1.443884121558743627e-01 9.291576173359249680e+00 -1.720730779569608293e+00 2.662849774967424921e+01 4.993526733352705804e+01 -5.714605684917280826e+00 -1.383949942588671789e+01 1.418496133505487045e+01
1.013000000000000000e+03 1.102336138128742505e+03 -3.576973711606578377e+01 9.317108512419659760e+00 -1.057534603912737481e+02 2.731229188157833221e+01 4.238787539458059683e+01 1.636221203278238612e+00 4.005348696289161126e+00 4.727220559562872459e+00
1.022000000000000000e+03 1.064005164536519715e+03 -4.033295380251215079e+01 9.229163905009752256e+00 -1.202489776832438224e+02 2.868720965926756250e+01 2.995656810607878029e+01 -2.142852288516662540e+00 -5.571985172585700141e+00 -1.724888817804407992e+01
1.031000000000000000e+03 1.046417623767594023e+03 -6.455245737894534841e+01 2.954651476391195786e+01 -1.981836731640046594e+02 8.920661131464174787e+01 3.006675835104121219e+01 -1.050332556889199864e+01 -2.700414910841545080e+01 6.577062318122366413e+00
1.040000000000000000e+03 1.070965697724071788e+03 -5.964278599120481061e+01 2.193257318708214942e+00 -1.856586232962418421e+02 8.813277844279408413e+00 2.405079895602714402e+01 -1.732576672066419832e+01 -4.500422627047304047e+01 6.617127240728025717e-01
1.049000000000000000e+03 1.117740288008774542e+03 -7.058884549905877748e+01 9.469639441873447083e+00 -2.243146265181392778e+02 2.845837651286165482e+01 3.874760534910173959e+01 -1.889129995326762668e+01 -4.999562874559575931e+01 1.717471522745524171e+00
1.058000000000000000e+03 1.141092938351350540e+03 -1.103252224150334229e+02 -4.922647531228753870e+00 -3.536693236224028283e+02 -1.602197682199645001e+01 3.101259660234678250e+01 1.375887276044040597e+01 3.685892416245455649e+01 2.950158296666296920e+00
1.067000000000000000e+03 1.144507826504353943e+03 -7.274792452844359048e+01 -5.013299436537009157e+00 -2.392987248672750695e+02 -1.532273070311601515e+01 1.697627828496133873e+01 7.241921660192275567e+00 1.974129099071497251e+01 1.214621384091187650e+01
1.076000000000000000e+03 1.163823387776789787e+03 -8.364096268135757839e+01 1.084084778889773837e+01 -2.779962865915951511e+02 3.647539744565687414e+01 2.868310505770493180e+01 -1.231265460731624906e+01 -3.415332073120262635e+01 -8.444214633238113166e+00
1.085000000000000000e+03 1.229425747679388678e+03 -6.201831163988507711e+01 2.377191728913420121e+01 -2.098668343958347293e+02 7.927106410709660622e+01 2.372600777354431045e+01 2.177647997903586319e+00 6.036259932991195676e+00 9.634994925157724932e-01
1.094000000000000000e+03 1.236428489431930984e+03 -8.061682077012693526e+01 1.402641856811346344e+01 -2.775919521347443606e+02 4.905820829112405335e+01 2.799781366510879721e+01 1.952853031148908514e+01 5.601768790318526925e+01 1.535252271379741629e+01
1.103000000000000000e+03 1.239897217359451133e+03 -5.812389034258256260e+01 1.213843212988049203e+01 -2.056584790499215387e+02 4.297201382938639114e+01 -5.008763711289701881e+00 -5.296335429559138497e+00 -1.540254125551093267e+01 1.510559766934792592e+01
1.112000000000000000e+03 1.208167407466934492e+03 -6.053022054523361817e+01 3.276556895432757699e+01 -2.153869517317081090e+02 1.157945314833627179e+02 3.657097713220377688e+00 4.707150931844827468e+00 1.418694294636072151e+01 2.228389494054091813e+00
1.121000000000000000e+03 1.245864387491936895e+03 -5.663263931527708905e+01 -5.607003037722620986e-01 -2.038960535759077004e+02 -7.319298250797817706e-01 3.640012192256891410e+01 1.836080549718442256e+00 5.771591194378611789e+00 -1.459178211188622321e+01
1.130000000000000000e+03 1.258916476411527583e+03 -3.328609584377329611e+01 1.565317002962191850e+01 -1.247783568441395801e+02 5.594330309370322141e+01 -5.759357342865900620e-01 -5.758556423087584086e-01 -1.806047867602492696e+00 -1.653316708702710081e+00
1.139000000000000000e+03 1.242653616756703286e+03 -3.671561599170703971e+01 1.655945329712791292e+01 -1.360052196126009960e+02 6.141817293460579918e+01 6.339711670469382554e+00 3.621893150635290493e+00 1.083106041000133679e+01 3.526483465773561932e+01
1.148000000000000000e+03 1.244823351314267939e+03 -3.838673856675522700e+01 1.355255114915673254e+01 -1.480859421991732177e+02 5.318237737306254331e+01 5.571607351277423348e+00 -2.201029503739911775e+01 -7.045406081076117744e+01 9.815787272980318612e-01
1.157000000000000000e+03 1.244706560145897583e+03 -2.611876615633995158e+01 8.359561147558331129e+00 -1.006321565769865458e+02 3.192408154866098613e+01 1.663204377897723418e+01 9.431616430132526929e+00 3.072997128007184742e+01 6.037718414305690118e+00
1.166000000000000000e+03 1.167337877068043781e+03 -2.156892270875993489e+01 1.971435571149588384e+01 -8.762084718704633701e+01 7.706118372870270150e+01 1.327336577417822028e+01 2.197579849303632216e+01 7.285538850711844816e+01 1.985240977389353390e+01
1.175000000000000000e+03 1.164277975065276678e+03 -2.202210736591918128e+00 -2.036963575479305533e+01 -1.020539589127524316e+01 -8.087436071883223576e+01 1.283493473025773879e+00 -3.437633410244492538e+00 -1.182579408374884622e+01 9.863484842681030429e+00
1.184000000000000000e+03 1.172896075917864664e+03 -1.982791035897235332e+01 2.150194292842205357e+01 -8.062739620032779442e+01 8.842093091127223659e+01 1.893472779899570568e+01 -3.180549455279433957e+01 -1.097180156079198809e+02 -7.486772790850411141e+00
1.193000000000000000e+03 1.097145607237797776e+03 -1.429580482755553028e+01 3.099175378920383750e+01 -5.744226368966956642e+01 1.289741129933902073e+02 1.017145443768083979e+01 2.179359841851863422e+01 7.641736778319490497e+01 7.114951137578401585e+00
1.202000000000000000e+03 1.015073704409663605e+03 -1.596894930115002609e+01 -3.057750682778587414e+00 -7.323475601920939937e+01 -1.231512769412489838e+01 2.738976613757755629e+01 6.984314378548880597e+00 2.523956168998157779e+01 2.183140298058870954e+01
1.211000000000000000e+03 1.005676464625057065e+03 -3.174202444463901429e+01 9.991009444000845008e+00 -1.345047989356322660e+02 4.325109952664666224e+01 2.331470776826944302e+01 -2.035372448096735809e+01 -7.445281335018702862e+01 -2.048488124042019720e+01
1.220000000000000000e+03 1.007751359047495271e+03 1.773026658319450277e+01 -3.132632913564216359e+00 7.487156151679351979e+01 -1.234422475283441401e+01 3.293011333211563141e+01 1.562122466040346325e+01 5.759493973390708987e+01 1.123204537027837091e+01
1.229000000000000000e+03 9.383992914037412447e+02 2.551027493394029122e+00 -1.970119619343419393e+00 1.523412000067714978e+01 -8.591208272539855528e+00 8.464246873739186938e+00 7.238597749960902661e+00 2.748482013617440600e+01 1.930209076333794016e+01
1.238000000000000000e+03 9.061726876755388957e+02 -4.262470687287891025e+00 -7.454267695774998259e+00 -1.955971510462997642e+01 -3.657624153973923598e+01 1.093674526943812619e+00 2.125542416620699537e+00 7.826774763495237153e+00 1.630179240104384419e+01
1.247000000000000000e+03 8.567538691701801099e+02 2.293177901124467510e+01 -1.856318454778220683e+01 1.066470034587450328e+02 -8.674122650658358680e+01 2.435063363220531940e+01 -5.648468431515228261e+00 -2.160411244411321618e+01 -4.522433809488073386e+00
1.256000000000000000e+03 8.263235527885120746e+02 2.182459431712506159e+01 -1.644806786102707719e+01 1.050197194287210181e+02 -7.685624194294069866e+01 2.973333629412933021e+01 -2.588480194678035673e+01 -1.044270715680099642e+02 1.367073493386384841e+00
1.265000000000000000e+03 8.089873424738076437e+02 -8.239756403992677392e+00 -5.541927764147644098e+00 -4.054070859426553852e+01 -3.087642314664939747e+01 4.858667684349826033e+01 -1.672802293582912014e+01 -6.859682212479201269e+01 -2.506194282691700437e+01
1.274000000000000000e+03 7.885173952312867414e+02 -1.600207030479488068e+01 -1.851707418478459599e-01 -7.798170214039018333e+01 -1.655844694738422884e+00 2.564976244188576615e+01 1.143890601894217873e+01 4.765007254132486736e+01 -1.754841464753783953e+01
1.283000000000000000e+03 7.444253283632693865e+02 -3.640569688457574671e+01 -1.252394184757070406e+01 -1.900671264464360490e+02 -5.881827721462814651e+01 2.185801487931387044e+01 -6.469502328142795022e+00 -2.729896404789063169e+01 -1.985956346188014976e+01
1.292000000000000000e+03 7.997618041789675090e+02 -2.130094230864026272e+01 8.697031672599879470e-03 -1.123203752780295446e+02 -6.833159643307352482e+00 3.770522821628028964e+01 -1.272656028595411470e+01 -5.523546812437256648e+01 3.406346744825010120e+01
1.301000000000000000e+03 7.422214070264475367e+02 -5.508249812207247231e+01 7.274134282928902628e+00 -2.948460783084717605e+02 4.140770445736168881e+01 1.030615880656548100e+01 -3.728700918483381255e+00 -1.694877221336402684e+01 7.321864581107001335e+00
1.310000000000000000e+03 7.443169005691526081e+02 -2.734857616280630310e+01 2.234054426505676005e+01 -1.465948569499538507e+02 1.202914629266138746e+02 1.887622489739516851e+01 -2.615394186356262196e+01 -1.178694775129475261e+02 -3.248020595965559920e+01
1.319000000000000000e+03 7.308809429203099626e+02 -2.906440758380949063e+01 4.756359109879562652e+01 -1.617433581465544421e+02 2.643312324325731311e+02 8.006902243181915679e+00 -1.612939667032979330e+01 -7.378592733154103200e+01 1.260721685894031907e+01
1.328000000000000000e+03 7.485874702105364804e+02 -6.192325364885608963e+01 -5.065880314640914150e+01 -3.509202362573413438e+02 -2.854187440423557973e+02 8.122682107000315455e+00 -4.006035148473471708e+01 -1.892244292611142953e+02 2.433170435518485419e+01
1.337000000000000000e+03 7.511485270857749583e+02 -4.701136514232598529e+01 -9.632072157044911265e+00 -2.778924595078207176e+02 -5.391129487398394815e+01 2.471137503542095359e+01 -1.325842642062300625e+00 -6.886761585959821019e+00 1.543514655392001345e+01
1.346000000000000000e+03 7.388796120084058430e+02 -5.559392097028015201e+01 3.795656264289878834e+01 -3.296190343945557402e+02 2.211061897570878330e+02 4.235322815237570637e+01 2.696974948170633013e+01 1.333395303218715355e+02 -3.625133153525085916e+00
1.355000000000000000e+03 7.771638648441908117e+02 -6.379337994537955581e+01 -3.342491690418500028e+00 -3.853606495295908871e+02 -1.943022767111865079e+01 8.224310459774763160e+00 -8.601459209476114864e+00 -4.225811580678895041e+01 -3.250229433220837194e+01
1.364000000000000000e+03 7.924319979980606377e+02 -7.754360268668983736e+01 1.202036278933849367e+01 -4.832138570654816476e+02 7.388633531283036859e+01 5.228767654397006304e+00 -9.524676661870032035e+00 -5.035055360054968787e+01 1.586655601958568695e-01
1.373000000000000000e+03 8.068435084225654919e+02 -5.586866991721676357e+01 -1.072055998907680241e+01 -3.517728296700115607e+02 -6.608558925526203609e+01 -1.551994643114396943e+01 1.844792951585019836e+01 9.830695715528571554e+01 1.364179624546587100e+01
1.382000000000000000e+03 7.958611988762966121e+02 -3.953021541828417895e+01 -4.971085292721977567e+01 -2.668767363715101624e+02 -3.250296016444406177e+02 9.074782117498321199e+00 -1.818129943526703229e+01 -9.922395664641024382e+01 2.386928308392572973e+01
1.391000000000000000e+03 8.261955736805261949e+02 -7.850737491331699403e+01 2.570480189363603074e+01 -5.187685406673655280e+02 1.639482593281219351e+02 3.834428919382166612e+01 -1.307831731464828984e+01 -7.334294305291848559e+01 -1.481274123362683071e+01
1.400000000000000000e+03 8.375045233807842351e+02 -4.242582050330909738e+01 -2.417655213621304355e+01 -2.880357590022157410e+02 -1.559096034765639729e+02 1.439226936566991633e+01 2.529262138745842137e+01 1.435572775636181575e+02 5.810291896297100322e+01
1.409000000000000000e+03 8.401981227756982662e+02 -6.428550493335866634e+01 -4.231100918285910240e+01 -4.460341299834016695e+02 -2.995821156843848598e+02 -3.016207280839280358e+00 3.697382903703081070e+01 2.145782020306775451e+02 -1.162493351643830231e+01
1.418000000000000000e+03 8.290822457863845329e+02 -6.962853290987563071e+01 -5.616388386336420346e+00 -4.913284040289945551e+02 -3.767075322654328318e+01 5.827775898938969590e+01 -2.858340712621922819e+01 -1.683046101100741510e+02 8.142080488218413237e+00
1.427000000000000000e+03 8.470716660533530558e+02 -3.860962746247032840e+01 3.595593584485884264e+01 -2.811564790623409067e+02 2.598069662431287838e+02 3.375449306754990175e+01 -6.172759388707916628e+01 -3.730110165275147551e+02 -7.529570970652825679e+01
1.436000000000000000e+03 7.969139720208100925e+02 -6.368254171843808820e+01 2.009080939820424661e+01 -4.700428800534822926e+02 1.433412834052637947e+02 2.009687125889907477e+01 -4.323793412229819211e+01 -2.673200953668134048e+02 2.008319844214444316e+01
1.445000000000000000e+03 8.290656660546078456e+02 -3.347640690601684810e+01 -4.868167936067647616e+01 -2.592900671109804875e+02 -3.648216712257546988e+02 -4.613129795871651062e+00 -1.114403845078496857e+01 -7.285147086165639507e+01 2.427687497747088585e+01
1.454000000000000000e+03 8.195358033701645581e+02 5.051118186451963510e+01 4.893061595847930079e+01 3.929213543055213904e+02 3.742575105587495727e+02 6.306829471685283295e+01 5.546853413849183312e+01 3.602121338175815595e+02 6.570389318069345563e+00
1.463000000000000000e+03 8.162558519144107549e+02 2.106877489556606875e+01 1.217179479906612727e+01 1.634755234216652866e+02 1.038815477626591104e+02 -1.226384366079769705e+01 5.547309895472749730e+01 3.689980585075919635e+02 1.194414355129853362e+02
1.472000000000000000e+03 7.663699713037058245e+02 2.132478888400498818e+01 -1.276343217153871024e+01 1.821742154887870413e+02 -1.124379562279599867e+02 1.395547002075781862e+01 -6.441013526614518980e+01 -4.371891760728428267e+02 5.815999817461924515e+00
1.481000000000000000e+03 7.361912366132376064e+02 -6.384578589794239178e+01 5.765983246760522007e+01 -5.276894750673550334e+02 4.798952798836969578e+02 8.068729331915557523e+00 -1.563582838251394591e+01 -1.081572224445888963e+02 3.574977361337331416e+01
1.490000000000000000e+03 7.361938996766149330e+02 4.390715429619449495e+00 -4.446294114743352566e+00 2.602236266837214984e+01 -2.572057389605333810e+01 5.842237655922807704e+01 2.743294885060462462e+01 1.922395976394680304e+02 -5.848566901305513710e+00
1.499000000000000000e+03 7.189758001662823972e+02 -5.320195541929769689e+01 2.969504709592068536e+01 -4.655609064344141075e+02 2.567427865142613541e+02 4.310709888365927611e+00 -7.116585781805595534e-01 -6.186383014241515710e+00 3.351913802384775920e+01
1.512000000000000000e+03 6.662352017600751424e+02 2.597824851538504731e+00 -2.623334716626726149e+01 2.232150539961177671e+01 -2.278720128751231186e+02 -1.263277236406434589e+01 3.755925293802785347e+01 2.865545818479101854e+02 3.303559980538775420e+01
1.529000000000000000e+03 6.059122008383066031e+02 1.907586725504696545e+01 3.311792548974926120e+01 1.834716460923474983e+02 3.046015091985377694e+02 -4.949767853882041990e+00 -8.675365087614501647e+00 -6.642969657918924042e+01 1.623422475473299187e+01
1.546000000000000000e+03 5.646475446812581822e+02 7.169707874382515911e+01 -1.401563576939219580e+01 7.159237058539716827e+02 -1.408299138045126995e+02 4.093877752463687614e+01 -1.055891212125257050e+00 -9.388933633346141505e+00 4.000896067192410754e+01
1.563000000000000000e+03 5.274442908115837554e+02 9.748527347458409764e+00 1.731321416282873216e+01 1.049464006679114618e+02 1.866295301148249166e+02 -1.538623266506401421e+01 -1.075884406464979293e+00 -4.331616957697058012e+00 -1.217127253765242045e+01
1.580000000000000000e+03 4.732667749948154778e+02 5.512144335546476981e+00 5.515097427774709615e+01 4.912059743842738868e+01 6.078799543474325446e+02 -9.687240925167597538e+01 -1.021967208502302604e+01 -9.331457948239483358e+01 -3.523345268342089298e+01
1.597000000000000000e+03 4.255816728643605984e+02 2.503588782174423955e+01 -6.466652982630628799e+01 2.846013205129506218e+02 -7.466961659100618363e+02 1.029911160255338665e+01 1.528524094365110386e+00 3.270583451985083911e+01 -1.050521605909037390e+02
1.614000000000000000e+03 4.230329207935715203e+02 -4.533017502175032121e+01 4.078718252135212197e+01 -5.510177057422010876e+02 4.874475966563687166e+02 6.453977976089660729e+01 -6.719777895105322330e+01 -6.796955023908967632e+02 -1.296312668251264455e+01
1.631000000000000000e+03 4.497956434599714726e+02 2.693936668060410966e+01 4.190149192424710378e+01 3.451346433262196456e+02 5.301578230497924551e+02 -2.967779457667055087e+00 6.790695746543121913e+01 7.207716340595679867e+02 -6.169685032730999552e+01
1.648000000000000000e+03 4.566809042649098842e+02 -4.596260612652888966e+01 -1.549064857222853853e+01 -6.335508801233419263e+02 -2.149356025904819489e+02 -3.463856989395934960e+01 4.487578585591983682e+01 5.041675870457954147e+02 -4.143035807196294229e+01
1.665000000000000000e+03 3.969706822610116319e+02 -3.919793193098990969e+01 8.790300482587866782e+00 -5.639959784538009444e+02 1.408994672389115692e+02 -1.031930315425436895e+01 2.492109714205131610e+00 4.218602863218353605e+01 3.247392898096353520e+01
1.682000000000000000e+03 3.911877800509499252e+02 -2.833433450833788925e+01 3.386392333888152706e+01 -4.340068025274135834e+02 4.934434415968909775e+02 1.005761485781828242e+02 2.836222155596232142e+01 3.645113231177302282e+02 1.233354556519413876e+02
1.699000000000000000e+03 4.256271220417944505e+02 -8.346138861195085212e+01 2.243731924613409490e+01 -1.297682830907149764e+03 3.619437588936500561e+02 5.321469769788823356e+01 4.900577699870159165e+01 6.497369001590186599e+02 -3.677042012865426557e+01
1.716000000000000000e+03 4.190852762118115606e+02 5.295721380290613922e+01 -5.179259566549165328e+01 9.057270096090667266e+02 -8.680200248561293392e+02 -1.897031834308041809e+01 -3.797721174114058584e+01 -5.083187376498792673e+02 -6.279393482597447473e+01
1.733000000000000000e+03 3.716729996468234276e+02 -6.702655690604700567e+01 4.713839945581714375e+01 -1.201658641308894630e+03 8.349224913901001628e+02 -5.600481408628303370e+01 9.589077342003687221e+00 1.857629010439208344e+02 -2.486691599416091414e+00
1.750000000000000000e+03 3.690745809149939305e+02 5.686492454739751956e+00 -1.798532991162118577e+01 1.279085407877401792e+02 -3.377746889086750457e+02 6.274259699520375477e+01 1.213486257266277448e+02 1.863468953726445534e+03 7.484932268103948161e+01
1.767000000000000000e+03 3.404621641709087498e+02 -4.909199413740132023e+00 -9.559544806294357500e+01 -1.103951546798844277e+02 -1.873945208117746915e+03 9.954762224151326677e+01 -8.425159289339167401e+01 -1.372874103944898479e+03 -7.775908820241541264e+01
1.784000000000000000e+03 3.445590802576917326e+02 2.947661115651463604e+01 -1.994720474663216692e+01 6.034750262838111894e+02 -4.063184825974699379e+02 -7.605826170900066074e+01 -4.181331924871530248e+01 -6.839638805735488631e+02 -7.646221805910711566e+01
1.801000000000000000e+03 3.144279505912706441e+02 6.611863341935881522e+01 6.837955920193911297e+00 1.449238107514888952e+03 1.907271602582361822e+02 -8.681431064355933813e+01 1.463785620997209946e+02 2.680660199395082145e+03 7.790282662589793006e+01
1.818000000000000000e+03 3.521463961687558708e+02 -2.664801580480227639e+00 2.263449384055276070e+01 -5.512050298235232049e+01 4.563528470288855488e+02 2.026884853330108260e+00 -2.648437439709479122e+02 -5.151803770599865857e+03 -2.737749444708082081e+01
1.835000000000000000e+03 2.195274412277086640e+02 -1.160909439051786674e+00 1.171843961636914884e+02 -1.255146844210209167e+01 2.892706647968952893e+03 -1.213786244870668298e+02 -6.044134580215983732e+01 -1.213551757977134912e+03 -8.524343730898233673e+01
1.852000000000000000e+03 1.810108074912650693e+02 1.480051394630608286e+01 -1.226917967747418174e+02 3.814763161514410399e+02 -3.276763599775138573e+03 1.382335146656504890e+02 1.894830531908605451e+02 4.157367030171965780e+03 -1.115168725931434608e+02
1.869000000000000000e+03 3.953887392706628248e+02 -5.827339985418327473e+01 1.510488169982137379e+02 -1.686637178482055106e+03 4.258823354349405236e+03 5.458886477209424015e+01 1.629779223208241774e+02 3.742227283757092664e+03 1.276748582187976098e+02
1.886000000000000000e+03 2.096725293254888811e+02 -6.086134760729273729e+00 -2.661137390097568911e+01 -8.195414944648901212e+01 -7.461558331321585911e+02 -1.795353871290468248e+02 -1.129103194803567618e+02 -2.757124196333418695e+03 8.998072709488194221e+01
1.903000000000000000e+03 2.846077575983413226e+02 7.267590831264706708e+01 1.297395741110751146e+02 2.301827947163958015e+03 4.085535863066113507e+03 -6.942609621912475859e+01 2.182908558067671834e+01 5.786236904104625864e+02 -1.624786077943131204e+02
1.920000000000000000e+03 2.850303577902519692e+02 -7.704893598471281280e+01 2.820508449272491021e+02 -2.568895256292476006e+03 9.445485193186477773e+03 -1.587487657826949885e+02 1.084995408423766889e+02 2.949718725140571223e+03 -3.803119047707534151e+02
1.937000000000000000e+03 2.794261099041978014e+02 8.028145530750425962e+01 -3.615126271805030456e+01 2.766792829576129861e+03 -1.101319931196714606e+03 -2.873137558300651762e+01 -6.956202712330626525e+01 -2.263848223157552638e+03 -1.804253962139879093e+02
1.954000000000000000e+03 3.609899853318643750e+02 7.110580431576755700e+01 -4.989209791581327380e+01 2.710819843659096477e+03 -2.115155119816344722e+03 5.997019349209162442e+01 -7.059264238038482517e+02 -2.227547540523322095e+04 -2.193084335628130077e+02
1.971000000000000000e+03 3.194215274103351021e+02 1.552996051826685857e+02 -1.222294577645239144e+02 6.352701894305675523e+03 -4.820802218190036001e+03 1.084980520353551903e+01 1.912445133997825906e+02 6.247579177462445841e+03 -1.150015154988095958e+02
1.988000000000000000e+03 3.477983719389591784e+02 5.335053942712122677e+01 -4.678964584436744190e+01 2.103032236805995581e+03 -2.245656569368030887e+03 5.347340274861336411e+02 1.086501163668041237e+01 5.882744135413774984e+02 2.841510614928536071e+01
