# l Dl_TT Dl_TE Dl_TB Dl_ET Dl_BT Dl_EE Dl_EB Dl_BE Dl_BB
3.000000000000000000e+00 4.041670396686063782e+02 3.595096612683963411e+00 2.114395846097054221e+00 3.595216846944699896e+00 2.114545394397694178e+00 9.422729055278941113e-01 3.242017462546374351e-01 3.242057337593843847e-01 1.925023870370962953e-01
7.000000000000000000e+00 8.772977971759064530e+02 5.640103561581241820e+00 3.046492090630610328e+00 5.641057710825578830e+00 3.047039072821614347e+00 4.778073659812734908e-01 -1.855006400980722947e-02 -1.855098458979278359e-02 2.388676945054315492e-01
1.200000000000000000e+01 7.843534988043687690e+02 1.226939918850887379e+00 -1.068714344474332112e+00 1.227346164232882453e+00 -1.068917059061154529e+00 3.379822848025931248e-01 -1.378864739460479091e-02 -1.379002825703486493e-02 1.258088532458913056e-01
1.700000000000000000e+01 9.716585957318744704e+02 -2.553388722813153766e+00 1.394993275547867784e+00 -2.554832246469883383e+00 1.395722828534062154e+00 1.838129275844098132e-01 -1.200796203971516915e-02 -1.201058426532477727e-02 2.325389553204522675e-01
2.200000000000000000e+01 7.300110548495374587e+02 3.286547259844932789e+00 -3.386961815114928331e+00 3.289072434287352742e+00 -3.389813961044611634e+00 2.822526923146382316e-01 -3.396016023013802981e-02 -3.399550661772456767e-02 1.901154887810401761e-01
2.700000000000000000e+01 9.565623792602269759e+02 9.239224654642883561e-01 1.051006176335502529e+00 9.248837614292207965e-01 1.052283981538952196e+00 2.650950962408870626e-01 -7.316921050973271496e-04 -7.365103584174081735e-04 1.578481303148399073e-01
3.200000000000000000e+01 1.125279984134297820e+03 3.581487755155388975e+00 2.755814104483461868e+00 3.587249511408951541e+00 2.760588996401366124e+00 2.352893824193877381e-01 -1.089822314978838790e-05 -1.588324750103481398e-05 1.333681546210456759e-01
3.700000000000000000e+01 1.196842843887761092e+03 2.622260135772277234e+00 -6.375695111686772165e-01 2.627410606864471365e+00 -6.392471754856026145e-01 1.740546239831182729e-01 4.561798854539635822e-02 4.570227553081694649e-02 1.201328099751415301e-01
4.200000000000000000e+01 1.440556123021186750e+03 2.517875208455804703e+00 3.510842278164549413e+00 2.525246615057362032e+00 3.520594983244595966e+00 2.542777342899901205e-01 -5.991541278284565758e-02 -6.008362817652652954e-02 1.605470644352769427e-01
4.700000000000000000e+01 1.375824637400269012e+03 -3.595199704127556573e-02 -8.540438575443207725e-01 -3.561297740978223991e-02 -8.572561419105297897e-01 2.141907024429647866e-01 -2.274359751987803380e-02 -2.283724458962848453e-02 1.018245499993416237e-01
5.200000000000000000e+01 1.343652890036946701e+03 -6.201317261763492628e-01 1.486084964301831235e+00 -6.233079468561474323e-01 1.492462851858231021e+00 2.873250923506257548e-01 3.066400678801928237e-03 3.090490017992378411e-03 1.296030971903618378e-01
5.700000000000000000e+01 1.621160409681166129e+03 -1.757727044377638048e+00 -4.295658567209641454e+00 -1.765297199009763673e+00 -4.317906022878640115e+00 3.924510672579109016e-01 4.087645511204675980e-02 4.107251354100392715e-02 2.213020741986232720e-01
6.200000000000000000e+01 1.682391306203037402e+03 -4.297856323021354896e+00 3.591165332958069278e+00 -4.323894763685320441e+00 3.612268526994518059e+00 4.400185327880378194e-01 6.090481924021197424e-02 6.126463454204519182e-02 -5.286436764785247544e-02
6.700000000000000000e+01 1.862837198336888150e+03 6.711148454633234506e-01 -2.727376429624653209e+00 6.764179497736428903e-01 -2.746273470046979970e+00 4.576337259942159785e-01 -9.779400589492082130e-02 -9.844366958841517523e-02 1.641054248412804062e-01
7.200000000000000000e+01 1.998406547756787404e+03 -9.728224493412456653e+00 1.339736186659702621e+00 -9.805921125216281453e+00 1.350529675099026550e+00 5.251822430073815884e-01 -1.731647674718420071e-01 -1.745267812521680284e-01 1.537308519283603347e-01
7.700000000000000000e+01 1.792748139618393452e+03 -4.554736467347888507e+00 6.076666415031122259e-01 -4.596782956782062612e+00 6.132068211539370983e-01 5.232017511800250986e-01 1.241274291601921070e-01 1.252686545025961384e-01 1.256653935543575705e-02
8.200000000000000000e+01 2.191701850475999890e+03 -1.188796542899231312e+01 -4.329477258073440860e-01 -1.200884820745516812e+01 -4.375532000941472210e-01 7.272261634872391189e-01 -6.406757750406225083e-02 -6.471964896691687064e-02 1.430619640389039493e-01
8.700000000000000000e+01 2.352715397312781079e+03 -1.547495599866512350e+01 -1.110082410377322554e-01 -1.565324920741263170e+01 -1.124393554293271202e-01 5.991604777827472805e-01 -5.666632876925009610e-02 -5.733650376841110952e-02 7.491450734538804279e-02
9.200000000000000000e+01 2.461676270235779612e+03 -2.144515785102203154e+01 -7.404787015616496326e-01 -2.172110477033627518e+01 -7.496193245542943639e-01 8.420162441210299331e-01 -1.590616444050334949e-02 -1.611221681360096997e-02 5.308704982124978766e-02
9.700000000000000000e+01 2.499855012218243246e+03 -2.692979114379325978e+01 2.355457815188663595e+00 -2.731518391292534531e+01 2.387752995454963667e+00 6.169347858217608671e-01 8.239403802241258845e-02 8.361177647540132818e-02 1.773308726457132334e-01
1.040000000000000000e+02 2.968853766903835549e+03 -2.602769718498849727e+01 1.110323944804592733e+00 -2.645506784458876837e+01 1.129220390169627830e+00 9.761994552018804505e-01 7.557936892767662222e-03 7.533590473881184892e-03 1.519233058824303317e-01
1.130000000000000000e+02 3.241984626338908129e+03 -3.002050963921787741e+01 3.093441245945012685e+00 -3.060144151379361332e+01 3.156628187840345934e+00 1.034594609472586191e+00 -1.304868470017953030e-01 -1.329774867439013075e-01 1.141064086505236552e-01
1.220000000000000000e+02 3.394769786867559560e+03 -3.769773620496792432e+01 6.131270467132013957e-01 -3.853640826988249302e+01 6.259967838454127964e-01 1.321274388715596215e+00 -1.143204313423683977e-01 -1.166631474607185831e-01 2.619950832831671184e-01
1.310000000000000000e+02 3.597434940316725260e+03 -4.190747454163900443e+01 5.355647121377105968e+00 -4.299013165528731406e+01 5.492863453403861840e+00 1.296548817378352148e+00 -1.276218701094754548e-01 -1.307365746457316569e-01 2.508485350559512828e-01
1.400000000000000000e+02 4.232582254001779802e+03 -3.850641084293952332e+01 3.453472957970757928e+00 -3.963495525735710601e+01 3.552765380350013213e+00 1.062772971393774135e+00 -2.317915701439198228e-01 -2.388153711236861709e-01 1.756998724189421379e-01
1.490000000000000000e+02 4.248906813136349228e+03 -4.416361665607516329e+01 8.267408298346941464e+00 -4.563021290367896654e+01 8.545350086764189612e+00 1.018399080318167726e+00 -1.445680271382877025e-01 -1.493441986828830670e-01 -1.776813164935346634e-02
1.580000000000000000e+02 4.787917081938354386e+03 -5.128621327141444652e+01 -5.249074883943894321e+00 -5.320227736701710342e+01 -5.440662139578610557e+00 1.311229539564763957e+00 -9.879632246800351680e-02 -1.023871256771045346e-01 -9.196836827655787555e-03
1.670000000000000000e+02 4.855070308664083313e+03 -4.976982327178609467e+01 8.166977748776780288e+00 -5.183893535690089749e+01 8.500629947959223998e+00 1.069179616434738911e+00 -9.452777675320375717e-02 -9.859206251499970375e-02 1.389308260441616816e-01
1.760000000000000000e+02 5.125535374120657252e+03 -4.576984011550578657e+01 -2.452281343396123248e+00 -4.788863952587844608e+01 -2.564915340076644235e+00 1.011105091700712277e+00 -3.529716794612768049e-02 -3.670343825325382558e-02 4.954629651615153896e-01
1.850000000000000000e+02 5.389169470608280790e+03 -3.042427992544964610e+01 7.037327445165247219e+00 -3.198203467568843550e+01 7.394857661170752827e+00 6.627987592722103249e-01 -2.874473229648011330e-02 -3.024050377939879741e-02 8.585896497413270101e-02
1.940000000000000000e+02 5.559596608415494302e+03 -2.786240587720372375e+01 4.862711835231682045e+00 -2.942439130834327443e+01 5.138731173656059248e+00 1.075941012358394344e+00 -1.075671725617172725e-01 -1.135232708610810354e-01 -2.634350909388039619e-01
2.030000000000000000e+02 5.456751469385840210e+03 -1.090488092083407956e+01 -1.227679409617711714e+00 -1.157436101909707737e+01 -1.310164240339680930e+00 7.816473471154832264e-01 1.883128729151926917e-02 2.010976712842472980e-02 2.541930156873079688e-02
2.120000000000000000e+02 5.647584761473709477e+03 3.721145464735600705e-02 4.659689858291599096e-01 4.917470581624223264e-02 5.016123070302044296e-01 1.297732021012671488e+00 1.178329963858378987e-01 1.264464253588913900e-01 2.854361484827751538e-01
2.210000000000000000e+02 5.833169362421777805e+03 1.777266907432944976e+01 4.878701712409219127e+00 1.906524643679867026e+01 5.220906975811842266e+00 9.261147688863198280e-01 5.762525115155724131e-02 6.168138851502540793e-02 1.712228594647547952e-01
2.300000000000000000e+02 5.698947167374395576e+03 2.488860520122066333e+01 2.876198578161875741e+00 2.684708390632290076e+01 3.131147023526791529e+00 1.631452851170645646e+00 3.052310882693152205e-01 3.292420633515107387e-01 2.292987444621029380e-01
2.390000000000000000e+02 5.792259381255618791e+03 5.147417581056046743e+01 9.007962293174754720e+00 5.584153024331831006e+01 9.776661537981183869e+00 1.751967050246416857e+00 4.257448635388325076e-02 4.572249272634176798e-02 -7.205923888115080278e-02
2.480000000000000000e+02 5.451624826929444680e+03 4.951271218975413291e+01 -7.510114049345961718e+00 5.404405221942170812e+01 -8.199695815195081394e+00 2.519646256204090662e+00 -3.099238132472207918e-01 -3.380195027465895397e-01 -7.536814626101621950e-02
2.570000000000000000e+02 5.243144574124010433e+03 7.325092085986280210e+01 1.435935964898741624e+01 8.045928025500320757e+01 1.576817697495608428e+01 3.437462374101214024e+00 5.079635001449713666e-02 5.591797780754004243e-02 1.395552726251278186e-01
2.660000000000000000e+02 5.103946567049466466e+03 8.438083699713307340e+01 1.123098496878450270e+01 9.327880003937849551e+01 1.240658845176717406e+01 3.904196762297707402e+00 9.408118396143298756e-02 1.043209107572036221e-01 2.686085800105102450e-01
2.750000000000000000e+02 5.113280289196124613e+03 1.148078120031198779e+02 -1.037656675006909807e-01 1.277628484988017306e+02 -1.210076463357331183e-01 5.253457513834703718e+00 -5.651539527191504764e-01 -6.283898446726161602e-01 -4.037818858727643678e-01
2.840000000000000000e+02 4.565039740119917951e+03 1.067654741602763693e+02 4.774859092949057526e+00 1.196496434954559476e+02 5.369406848653034636e+00 5.930143990265543508e+00 7.313474082105329011e-01 8.206042097156598381e-01 -1.752527640614401083e-01
2.930000000000000000e+02 4.390613707880333095e+03 1.154043406028196586e+02 4.386211275461229242e+00 1.302557646636358584e+02 4.950461862934527169e+00 8.275843718930659065e+00 -6.499286703944513743e-02 -7.279162143636846993e-02 4.678827246128415829e-01
3.020000000000000000e+02 3.954538507043359914e+03 1.139026052882978348e+02 6.318328861091585757e+00 1.295010666140310605e+02 7.184990322219580783e+00 9.216147925119976492e+00 3.434383970672605924e-01 3.913678377340002457e-01 -1.710988314420458789e-01
3.110000000000000000e+02 3.668271786917212921e+03 1.186321904158806149e+02 7.919698113624666469e+00 1.359329779787387338e+02 9.064666152709335734e+00 1.090133712657965503e+01 -3.021959621014769226e-02 -3.417932027238649445e-02 6.977800889382531624e-01
3.200000000000000000e+02 3.433924114033178284e+03 1.100494981128989735e+02 2.476867660803895033e-01 1.270815758690685016e+02 2.691898491812769745e-01 1.229475660524418501e+01 -8.144988059022995053e-01 -9.382319454663785585e-01 1.177958333836909149e-01
3.290000000000000000e+02 3.197969960226344028e+03 1.199125137970327870e+02 7.233386503945611778e+00 1.395545565560089472e+02 8.405170517583453460e+00 1.550145797192684327e+01 -4.473010911058871719e-01 -5.207367721123641324e-01 2.188206687592349486e-01
3.380000000000000000e+02 2.867441831334531798e+03 1.019425661399309604e+02 1.351218347880073445e+01 1.196674185890162789e+02 1.586283697520245006e+01 1.616200162633542092e+01 8.375602871407780148e-01 9.828145617953413238e-01 6.436909479701742320e-01
3.470000000000000000e+02 2.518142685480295313e+03 8.113226209327839911e+01 3.571429128442527468e+00 9.603724708267068877e+01 4.223342832404414438e+00 1.568453153479237372e+01 -5.275380750689113718e-01 -6.229556009274972439e-01 4.678709978363175259e-01
3.560000000000000000e+02 2.383360679811819409e+03 7.707997005547002800e+01 4.117274109080512723e+00 9.204934711726075136e+01 4.915434226498097914e+00 1.902117588962401484e+01 2.080424166921777118e-01 2.485042257142774935e-01 -7.092091686074281087e-01
3.650000000000000000e+02 2.214194543792012155e+03 5.115069042091397478e+01 -7.473861709347447979e-01 6.160038657519429250e+01 -8.920923460220330226e-01 1.831722386005196057e+01 -6.141983537332721399e-01 -7.397671149155793380e-01 -4.232150279087728562e-01
3.740000000000000000e+02 2.061439740928106403e+03 5.335250792019905930e+01 6.809661293388177938e+00 6.486881952874111334e+01 8.260860844672169634e+00 2.076555586579662815e+01 -3.342013887897695712e-01 -4.093699125456490839e-01 1.016032602298348131e+00
3.830000000000000000e+02 1.914973323745176458e+03 3.346585144600548034e+01 6.204166562830737419e+00 4.105732918561477618e+01 7.603101239097887820e+00 2.263586293480281242e+01 9.376754501783288731e-01 1.149478942576072082e+00 4.231879514847491919e-02
3.920000000000000000e+02 1.812798872563741725e+03 1.898250547051593173e+01 5.509782346803650199e+00 2.353526488855702326e+01 6.840052004194669522e+00 2.230192072660408797e+01 2.998737148961354987e-02 3.691186321328102093e-02 5.175153717960186972e-01
4.010000000000000000e+02 1.760191991853899026e+03 -2.347758528485778928e+00 4.431430694855167829e+00 -2.897633749752809962e+00 5.545091059236311182e+00 2.167249299265163742e+01 -1.261346387812060377e-01 -1.575616754093064065e-01 9.874618510398612825e-01
4.100000000000000000e+02 1.760772469328653870e+03 -2.289092690222524595e+01 -3.773849209911309455e+00 -2.891221021622344267e+01 -4.750774249715757236e+00 2.010826953199656941e+01 1.055619102029143885e+00 1.332011167632408011e+00 9.953508697119803905e-01
4.190000000000000000e+02 1.758659603114443826e+03 -3.109386898805094290e+01 6.926682047091037298e+00 -3.969494573491883926e+01 8.844442143135649914e+00 1.929463412034666447e+01 2.336037006904600200e-01 2.981113535633843070e-01 1.383690607353688540e+00
4.280000000000000000e+02 1.797875538576828831e+03 -4.539807665720475427e+01 -2.259541862680515933e+00 -5.856557313123212793e+01 -2.920215834784487985e+00 1.991551538353157014e+01 -5.706184407145605819e-01 -7.376229712395034888e-01 4.342211708145484739e-01
4.370000000000000000e+02 1.795570610412719134e+03 -5.821548171529892812e+01 1.118144401991982129e+01 -7.591919372789979548e+01 1.456070625130587715e+01 1.976175776727330913e+01 -7.693135221114577593e-01 -1.005556596821274518e+00 -2.910357527234010977e-01
4.460000000000000000e+02 1.887251493375179280e+03 -5.874079596268021675e+01 5.358854022011216856e-01 -7.743579608579929641e+01 7.243035299951103845e-01 1.809868522573231076e+01 5.775008928363050131e-01 7.603466549439220623e-01 1.913153196016279256e-01
4.550000000000000000e+02 2.074653778964168396e+03 -7.427914082110281413e+01 4.294701432597075375e+00 -9.900421465001110732e+01 5.753265783136342293e+00 1.632142856556473021e+01 2.595209157748298301e-01 3.500316571384772812e-01 1.906122651624843067e+00
4.640000000000000000e+02 2.248896416466761366e+03 -7.851599994310178943e+01 3.589492118918436780e+00 -1.058732184967627177e+02 4.808013900210481140e+00 1.402548397388190438e+01 -4.441093862316267127e-01 -5.955226873449110947e-01 1.250119550098242494e+00
4.730000000000000000e+02 2.206852925129483538e+03 -7.247687678312125570e+01 1.247531774006256455e+01 -9.883596935394149341e+01 1.702585280889444519e+01 1.169212870388208003e+01 -9.236899200455879200e-01 -1.266102751143507676e+00 2.286807850714520640e+00
4.820000000000000000e+02 2.353052603037135214e+03 -7.451889343210899597e+01 5.587786814896259280e+00 -1.028584958527536770e+02 7.731246767184497770e+00 1.022464039447922879e+01 -3.154357599232306963e-01 -4.387066908360962580e-01 -3.453492594621732636e-01
4.910000000000000000e+02 2.444497708099055217e+03 -6.169793905943302548e+01 2.865797676586035792e+00 -8.621465743340394283e+01 4.001019260877850314e+00 1.003401867080116894e+01 -2.959291856109882879e+00 -4.140774407339510077e+00 -1.426955174193987770e-02
5.000000000000000000e+02 2.475047344540170343e+03 -5.728241973672062670e+01 3.263646521616406115e+00 -8.093790726178821160e+01 4.619640094331385782e+00 8.511730843653943168e+00 -2.382511227273934606e-01 -3.472183302372295888e-01 1.111288073916918195e+00
5.090000000000000000e+02 2.604429344491798474e+03 -4.401916303590374469e+01 5.129228308453739338e+00 -6.302521237360238615e+01 7.332214992607774207e+00 8.616137540272015727e+00 6.883838678499223374e-01 9.799558326368464911e-01 7.139823848374454718e-01
5.180000000000000000e+02 2.583827071520101526e+03 -4.891152292780237332e+01 6.135472324222330798e+00 -7.089826796966359268e+01 8.905203860645640290e+00 7.698069696138018614e+00 4.875457044321049316e-01 7.046987057750926375e-01 -3.119975553004645796e-01
5.270000000000000000e+02 2.603662032759659269e+03 -2.619678398148164788e+01 -4.237236579257382729e+00 -3.848593239953451217e+01 -6.220451802485724713e+00 6.214336019542244571e+00 4.068275087256023048e-01 5.902477800740115743e-01 1.907405673828140191e+00
5.360000000000000000e+02 2.550476692872726744e+03 -2.719250610437609339e+01 6.554763163771609058e+00 -4.043210227890084951e+01 9.746345562133203799e+00 9.810581566219374494e+00 1.323864255676888702e+00 1.967028214776543660e+00 2.726429809838222695e+00
5.450000000000000000e+02 2.548176661255353793e+03 -1.262810730492083877e+01 -4.426329680306622549e+00 -1.902640125775944924e+01 -6.642503118732368428e+00 9.009109893839257310e+00 -3.946509873236573873e-01 -5.807818097018946357e-01 1.726663418785731707e+00
5.540000000000000000e+02 2.594437195807729950e+03 2.070008977763778546e+01 4.942507356984227052e+00 3.169474123599535886e+01 7.603873585919599165e+00 9.386594629038215842e+00 -3.228797940085600254e-02 -4.960433778251290698e-02 -4.505848747964833478e-01
5.630000000000000000e+02 2.573579858408805649e+03 1.746743785494397727e+01 1.014723705002304399e+01 2.704637358512296430e+01 1.570536284764362911e+01 6.933000411777698879e+00 5.784317207661862636e-02 9.393138781215210065e-02 1.961269101149120786e+00
5.720000000000000000e+02 2.438209448443323254e+03 1.872243423390580475e+01 2.842651016011926934e+00 2.943201228955574322e+01 4.444972461087195903e+00 1.351116032908116438e+01 -2.982504662032162912e+00 -4.681531654591308822e+00 1.467786848143155076e+00
5.810000000000000000e+02 2.438368160009518306e+03 2.521929080204789031e+01 6.504577084048417390e+00 4.016254943659692600e+01 1.037767810834534288e+01 1.570632325443138022e+01 1.176367596781266123e+00 1.876305391323531913e+00 -6.249785550654523014e-01
5.900000000000000000e+02 2.402121671827544560e+03 2.995974727367553925e+01 1.285189695938822751e+01 4.842934251786393673e+01 2.079888714047530840e+01 1.653678256163068383e+01 2.600866945738394165e+00 4.217744193042389789e+00 1.827329566278811823e+00
5.990000000000000000e+02 2.233470742345021790e+03 2.971262186909744329e+01 1.308034852545396554e+01 4.870932635555332268e+01 2.151442336927132359e+01 1.797819385618322485e+01 -1.210549262348908472e+00 -1.978830732407329096e+00 2.376607170760892451e+00
6.080000000000000000e+02 2.150123242327158550e+03 3.644735337454203261e+01 3.083584858455805655e+00 6.068751176955704096e+01 5.183752482739405920e+00 2.405039972135808668e+01 -4.986827881672042939e-01 -8.383585222514310376e-01 1.254246695210001761e+00
6.170000000000000000e+02 2.167083566762145892e+03 3.544318658892081686e+01 7.850794618817437787e+00 5.983897851812022139e+01 1.328501952569334144e+01 2.793945346765518423e+01 -1.799386761860097161e+00 -3.044528812789115690e+00 2.868013451896350041e+00
6.260000000000000000e+02 1.977500557248499263e+03 1.084652447806099040e+01 1.030209190907254069e+01 1.862099029225129598e+01 1.765172555845302682e+01 2.254023459781583938e+01 2.137213181581126165e+00 3.643356390638040843e+00 -9.823639243049462344e-01
6.350000000000000000e+02 1.963293455067752802e+03 3.589189001552231861e+00 -5.000628062855372313e-01 6.286611436773317685e+00 -9.113331882450056431e-01 3.094396965877268002e+01 1.993840080673145554e+00 3.495846534852927956e+00 -7.259163627057819701e-01
6.440000000000000000e+02 1.890197814516711787e+03 -2.912079417739512621e+00 -1.752572247912161041e+00 -5.097775844517176580e+00 -3.052472574904181002e+00 3.252342484638759146e+01 6.619751344398303594e-01 1.163729298477815588e+00 -1.404884349672230304e+00
6.530000000000000000e+02 1.881943635483509979e+03 -2.020911092643229168e+01 -1.064181906045261172e+01 -3.636595231891669755e+01 -1.907517092551929139e+01 3.557690345025544332e+01 1.173612731547898136e+00 2.097728990286114481e+00 -1.495562474537124542e+00
6.620000000000000000e+02 1.877936466395616890e+03 -3.322347046845918328e+01 5.156403366773712804e+00 -6.075366588167407400e+01 9.365559353639852702e+00 3.321011982681708474e+01 3.169167299985610420e+00 5.808529706541520454e+00 4.914132483366707715e-01
6.710000000000000000e+02 1.851401615244134746e+03 -4.119358987379413861e+01 -1.284014501602618985e+00 -7.650625097493282567e+01 -2.390015473580622274e+00 3.415024748846047231e+01 4.977303926183551663e-01 9.182532136444360171e-01 1.900226023952217513e+00
6.800000000000000000e+02 1.794707233625333402e+03 -6.945207157542778020e+01 6.874149636110148620e+00 -1.310948058837605572e+02 1.297691239312749900e+01 4.172766649175115106e+01 2.002506957936991849e+00 3.752423223952256137e+00 3.811599375020477964e+00
6.890000000000000000e+02 1.852547127204403068e+03 -8.537904228152900998e+01 1.137816377966019310e+00 -1.639987168646468660e+02 2.196778694734558446e+00 3.989196848933325157e+01 2.436160611386227970e+00 4.692839541523174063e+00 -3.084999066603613560e+00
6.980000000000000000e+02 1.915899257914879854e+03 -8.772079989828949920e+01 1.090666217512285385e+01 -1.712857922760740053e+02 2.132894274290858760e+01 3.963023140260211363e+01 1.203211779905802720e-01 2.328654273727279456e-01 -1.179935707391478239e+00
7.070000000000000000e+02 1.922876124502560742e+03 -1.025351476482350250e+02 1.276626590022516972e+01 -2.036900190581030756e+02 2.542742222858258572e+01 3.293808346119683961e+01 1.174295606618832366e+00 2.314426545279845815e+00 -1.435804178053826874e+00
7.160000000000000000e+02 1.939650127136817900e+03 -1.004350348049247259e+02 -4.804377942585677630e+00 -2.030898455568768668e+02 -9.808363215225277543e+00 3.621229694497806406e+01 7.182990286550690939e+00 1.452761103371798512e+01 1.367336395907531310e+00
7.250000000000000000e+02 2.029861760059086919e+03 -1.225830995135578547e+02 7.509564558505818610e+00 -2.523309423154206854e+02 1.549431949719159896e+01 3.707313733352368246e+01 -4.147451606469429564e+00 -8.538482242385789789e+00 -7.836886996220338908e+00
7.340000000000000000e+02 2.085039468113217936e+03 -1.342222680337995371e+02 8.201569155577839609e+00 -2.813421325597689133e+02 1.714296961340295766e+01 3.437873892520823205e+01 -4.241765795772187708e+00 -8.932389765248075264e+00 8.329237423307916943e-01
7.430000000000000000e+02 2.220411296710914485e+03 -1.236896313410812240e+02 5.344559556654377097e+00 -2.638742386254496637e+02 1.144249201595377130e+01 2.834384696581613738e+01 -4.607389753197574045e+00 -9.862062223302640263e+00 1.565577013680529150e-01
7.520000000000000000e+02 2.302886648746721221e+03 -1.336630693438891626e+02 1.988101262931995450e+01 -2.904969641632953312e+02 4.315762617047849403e+01 2.248962414446785374e+01 -3.726729189324919922e+00 -8.095024381385677259e+00 9.323533173093435655e-01
7.610000000000000000e+02 2.390241627296517890e+03 -1.173014272142519161e+02 1.958745696377156520e+01 -2.595897763297134588e+02 4.304795463107988240e+01 2.422209129824346974e+01 4.717714473393793462e+00 1.044517157921958450e+01 -4.242631466787870065e-01
7.700000000000000000e+02 2.390799033546926694e+03 -1.119891391679197739e+02 1.353408865386285775e+01 -2.526204209087119352e+02 3.060266264316126339e+01 2.077469161141165443e+01 -2.592180323759136762e+00 -5.809895521296819965e+00 1.985648261233485812e-03
7.790000000000000000e+02 2.396565177856234186e+03 -8.442866984962792287e+01 1.579500993091762773e+01 -1.939767091920337805e+02 3.632523228838168450e+01 1.615237297835267327e+01 4.766990563444264417e+00 1.092429498918571085e+01 3.918170281264374388e+00
7.880000000000000000e+02 2.523082458402058819e+03 -1.087710749045622265e+02 -2.040800564475957035e+00 -2.548130601991112769e+02 -4.852761268513350323e+00 1.870103592456926478e+01 -5.677104498619574002e+00 -1.335560807416097440e+01 -4.653675986860801861e-01
7.970000000000000000e+02 2.515333531249811585e+03 -8.235551974906442751e+01 1.217417216343785213e+01 -1.966433190601111960e+02 2.887487885218743244e+01 1.211383071836076475e+01 -1.119278066300779972e+00 -2.643686764746441042e+00 2.203999095997857816e-01
8.060000000000000000e+02 2.533784132933604724e+03 -7.269454731080573140e+01 2.295817661164372225e+01 -1.771229653622097260e+02 5.598047244776144993e+01 1.713195572364845631e+01 3.318923279464991438e+00 8.105629752352109918e+00 4.445792179780332809e+00
8.150000000000000000e+02 2.585852253450591434e+03 -4.671554051204145708e+01 1.674846239529140490e+01 -1.163034722622933828e+02 4.168777788706246668e+01 1.551764518309261476e+01 1.629040712155606307e+00 4.050139158829982655e+00 7.355967825073359556e+00
8.240000000000000000e+02 2.563910017437059651e+03 -5.581760987839741261e+01 1.651280357523255971e-01 -1.413907437164503165e+02 9.811666675379784874e-02 1.856171129778756779e+01 -1.335282821976762513e+00 -3.328609634975562948e+00 9.637696079794252357e-01
8.330000000000000000e+02 2.538633783381891590e+03 -2.181257007242118817e+01 1.866350712758861619e+01 -5.630407201989397237e+01 4.816167841618609202e+01 1.030921961368805029e+01 2.155711584566068151e+00 5.658239114878749199e+00 1.876200053466363649e+00
8.420000000000000000e+02 2.543080129667009260e+03 -8.796824076840973561e+00 2.728667234948580145e+01 -2.339105886109116739e+01 7.205938388085461099e+01 1.877845277040911753e+01 4.001514038973531306e+00 1.062985457382637655e+01 2.274374501600086251e+00
8.510000000000000000e+02 2.431874179279119289e+03 -7.106677961765411666e+00 2.111141459652826313e+01 -1.941689657803387803e+01 5.689494349419793195e+01 1.111406715690620040e+01 1.057079627501492203e+00 3.023985056057867382e+00 4.172562630073808343e+00
8.600000000000000000e+02 2.391098030321027636e+03 3.088093606425854620e+00 6.088257732510336417e+00 8.791662260116774874e+00 1.703281997273339599e+01 1.750525108673025798e+01 -7.469421779660508076e-02 -1.228774246574223100e-01 1.274322490160856525e+00
8.690000000000000000e+02 2.260922103744513606e+03 3.393519866319093126e+01 9.558164189956094958e+00 9.541339898581385626e+01 2.674758655813258201e+01 8.630276806325992922e+00 9.039770842741169377e-01 2.571988199853752821e+00 3.567194782060387204e-01
8.780000000000000000e+02 2.211173562467414740e+03 5.541624664252984189e+01 2.620318520042977894e+01 1.590887266131491344e+02 7.526871029014728265e+01 2.134923611545719169e+01 2.286919954151025003e+00 6.593145228917569156e+00 2.023911920183165680e+00
8.870000000000000000e+02 2.115419961594381675e+03 3.885526056198178679e+01 2.850498007304215875e+01 1.144789737748625811e+02 8.450593284660691040e+01 2.507506140976666131e+01 4.016889972428734801e+00 1.192463335092446641e+01 -6.427667016299884573e+00
8.960000000000000000e+02 1.988274554316043350e+03 7.312882619762234526e+01 -1.405711607395502938e+00 2.195200449630737012e+02 -4.079632695563055300e+00 1.862096341513741393e+01 -9.460945722750080833e+00 -2.833189682616647787e+01 -2.245244106008138729e+00
9.050000000000000000e+02 1.906950494972539445e+03 6.446067440361838408e+01 2.116455251001387694e+01 1.981521197907639475e+02 6.477449241522121781e+01 2.243475239438275892e+01 -3.714822374560971863e+00 -1.143404714298009139e+01 1.770485488738861024e+00
9.140000000000000000e+02 1.786978128480505347e+03 6.370330085998031677e+01 4.144556419573491013e+01 1.998963037266171057e+02 1.303009713549407138e+02 2.042651615848614455e+01 5.588747899939164654e+00 1.754427262411637045e+01 7.543650108114666741e-01
9.230000000000000000e+02 1.667982457074371951e+03 7.593317653668685807e+01 -7.181721907960119999e+00 2.439520467347058172e+02 -2.290855979055840663e+01 3.844361101152097149e+01 4.555144144284486885e+00 1.489396828710805920e+01 -1.986938210361891777e+00
9.320000000000000000e+02 1.604765073427406151e+03 6.192085446738329324e+01 6.001355612755695290e+00 2.036846536796816451e+02 1.949547740294828557e+01 2.586619971724148215e+01 -5.306167559343702322e+00 -1.742541615908888630e+01 -5.175118842326715374e+00
9.410000000000000000e+02 1.486924360119417315e+03 4.769061784857695585e+01 2.289864152663749763e+01 1.604130869589066606e+02 7.658183707375015103e+01 3.660374765019085430e+01 -6.219839398025654553e+00 -2.079445041200772692e+01 3.274987496459096370e+00
9.500000000000000000e+02 1.398144942021441238e+03 5.353221657057471816e+01 1.038438063474460904e+01 1.848508180822584279e+02 3.628451150287339289e+01 3.546368971280230653e+01 3.309945474362393725e+00 1.141546952193365527e+01 8.426110931781716218e+00
9.590000000000000000e+02 1.345210393034052686e+03 2.860422663782431485e+01 2.122546780571348890e+01 1.005830547775186403e+02 7.445618593685232156e+01 4.432801805070630508e+01 5.938882565425385174e+00 2.077629093803076543e+01 8.897909757469793846e+00
9.680000000000000000e+02 1.276203225910034462e+03 2.155986334716870800e+01 6.521211267161407754e+00 7.789635218670703409e+01 2.344289059926234131e+01 4.206414652658111208e+01 1.069931472318321397e+01 3.868951146404728547e+01 9.490714639029299349e+00
9.770000000000000000e+02 1.182597390056402674e+03 1.014890361046579947e+01 1.445859237053731050e+01 3.750729806689601276e+01 5.349063805053586407e+01 4.569233333267579411e+01 -8.323796529265223398e+00 -3.069028708581211973e+01 -3.929179527328840571e+00
9.860000000000000000e+02 1.141343405147316844e+03 1.425392699952152142e+01 2.829930140842900244e+01 5.358989737002806208e+01 1.068415482774538532e+02 2.892807685054403066e+01 1.298965967139898936e+01 4.935321367861931208e+01 -2.127157912084435054e+00
9.950000000000000000e+02 1.127401408426679836e+03 -2.177841818546760067e+01 2.058405483391244317e+01 -8.469216308689031791e+01 7.967386441065670510e+01 5.100737338543072497e+01 2.463886536443227193e+00 9.629953966213850691e+00 -1.058447125993249927e+01
1.004000000000000000e+03 1.077402968202884040e+03 2.260160119773024501e-01 1.041721892594189924e+01 9.038741954921071242e-01 4.183315503106377520e+01 4.036899930634920963e+01 -8.021498893889532411e+00 -3.174726539590951901e+01 2.974517711235541650e+00
1.013000000000000000e+03 1.128274855297738213e+03 -5.162952020744148030e+01 6.097511808838321556e+00 -2.103024791136839440e+02 2.495669069367006543e+01 4.647724861760369208e+01 1.274886832684788729e+01 5.162131290522635396e+01 1.798880305907168520e+01
1.022000000000000000e+03 1.082675367618692690e+03 -3.836600504922251531e+01 5.933248258065636271e+00 -1.598120745982307369e+02 2.485222969983864871e+01 4.050174448321081400e+01 -4.044383437304132300e+00 -1.633640616131888734e+01 -5.886530629896445710e+00
1.031000000000000000e+03 1.098113395444378284e+03 -5.763765667401732173e+01 1.192988615337172575e+01 -2.466894875449812048e+02 5.183074676420997662e+01 4.531943454439524999e+01 -1.041976835378332567e+01 -4.484585757631293035e+01 -1.956039789306866794e+01
1.040000000000000000e+03 1.120137532505724721e+03 -6.071201824336489494e+01 1.615243428386220970e+01 -2.670446911652748554e+02 7.175044923312695744e+01 3.593817637705154766e+01 -6.301574126808503706e+00 -2.770085720867573897e+01 3.817305668180480893e+00
1.049000000000000000e+03 1.139121045326977764e+03 -6.258102533087784280e+01 1.155460680350233105e+01 -2.825669188533004785e+02 5.229207319415473876e+01 3.578400954127948808e+01 1.878994160709004158e+00 8.701279811859139457e+00 -7.022260668960214058e-01
1.058000000000000000e+03 1.180552691869955424e+03 -1.077010360512297069e+02 -6.453340480797601586e+00 -4.986289952753643320e+02 -3.045446377810520744e+01 4.344837078740979308e+01 4.231412653145856240e+00 1.924274742002951655e+01 -2.132886241887342393e+01
1.067000000000000000e+03 1.162341230313069218e+03 -7.649402741915453419e+01 7.576329032847969103e+00 -3.642699271987336829e+02 3.696412980774038459e+01 4.111625947036353779e+01 -8.079570508347902802e+00 -3.831912363537069410e+01 7.084782913367764223e+00
1.076000000000000000e+03 1.212490876690050072e+03 -8.138067359245445687e+01 3.254826166770587292e+01 -3.979587092695090860e+02 1.594659653278862379e+02 3.926980139275813286e+01 1.928479755806094431e+00 1.041799196247198189e+01 4.578965121530034210e+00
1.085000000000000000e+03 1.248970074233437344e+03 -4.947117933871300011e+01 8.034446044126420716e+00 -2.483746439458263353e+02 3.956704364247499939e+01 1.816050433749412818e+01 1.421160838209482025e+00 6.634234096103393874e+00 -6.065473873319967346e+00
1.094000000000000000e+03 1.258819605127120440e+03 -7.346135545184067439e+01 2.900972281263911512e+01 -3.790057360842323533e+02 1.498314064847397162e+02 1.871290339541896230e+01 2.937478452545971397e+00 1.503898279493222390e+01 -7.317574420056179640e+00
1.103000000000000000e+03 1.286805812601952539e+03 -6.679536316549319963e+01 8.914320680509810302e+00 -3.536399380979507896e+02 4.707813072294715084e+01 1.410639360659734187e+01 6.277644541752675167e+00 3.402944364094297214e+01 -1.489567232816489906e+01
1.112000000000000000e+03 1.287094365307854105e+03 -6.541873918831782930e+01 3.738483527037427478e+01 -3.560260760630330878e+02 2.040293479129160801e+02 1.896741676840700164e+00 1.163558883401370991e+01 6.392059844428732163e+01 4.237639344574220424e+00
1.121000000000000000e+03 1.302187582000315842e+03 -4.104097064229289060e+01 1.132399620469438695e+01 -2.294240432575332136e+02 6.286001328262864263e+01 -2.101062877601226830e+01 -8.707641408238555591e-01 -5.210802284935853734e+00 2.472040953108075367e+00
1.130000000000000000e+03 1.302942531132590148e+03 -4.916786808625155913e+01 2.060555969033502421e+01 -2.828052664847407414e+02 1.170760481812275771e+02 9.572745773330261443e+00 5.488207260125697928e+00 3.045727114533907809e+01 7.342316079435344811e+00
1.139000000000000000e+03 1.286768017070250153e+03 -5.800230044804561658e+01 2.105660917244962604e+01 -3.436553190742087622e+02 1.239621701489548542e+02 4.793648469486092267e+01 5.564808421053391463e+00 3.288817096862820222e+01 5.159991019718053629e+00
1.148000000000000000e+03 1.251703179026510497e+03 -3.526518628651536602e+01 2.989036736141453332e+01 -2.169218174017713352e+02 1.799880061928096211e+02 -9.870406189217691306e+00 3.773307981804244982e+00 2.328860013500850812e+01 -5.807735704119951770e+00
1.157000000000000000e+03 1.269594065672108627e+03 -2.558788216780290625e+01 2.743203613574406674e+01 -1.602672616047379108e+02 1.723736623669135781e+02 7.451868064726789420e+00 2.285213594356005373e+01 1.421853255958953639e+02 -6.701892366982855620e+00
1.166000000000000000e+03 1.217016150662982682e+03 -3.626762064177355427e+01 1.752731044565105201e+00 -2.344702717099656013e+02 1.069014138106324552e+01 7.059946544231753052e+00 -3.059050193989202882e+01 -1.976510815836340669e+02 4.524364182177343707e+00
1.175000000000000000e+03 1.187623801450329665e+03 2.775652106234749450e+00 -4.515753695235818377e+00 1.993752137093537868e+01 -3.007986165657290201e+01 1.061883849976416272e+01 6.255931507560351434e+00 4.131099873005840806e+01 4.238191570908690409e+01
1.184000000000000000e+03 1.202474800061399947e+03 -1.013420202429930406e+01 1.563459109917628531e+01 -6.844965854908637937e+01 1.054487705397997814e+02 -1.334614477875801875e+01 3.507552181099588662e+00 2.528339211767212902e+01 -2.891410253117787210e+00
1.193000000000000000e+03 1.135327295224643194e+03 1.326733899100383596e+01 1.088775697293318689e+00 9.230505369357523193e+01 7.654365437964770535e+00 3.707555114153993259e+01 3.780073922448460166e+01 2.656816686504632798e+02 1.046248692461178642e+01
1.202000000000000000e+03 1.074292777255987858e+03 -4.573028549040174084e+00 3.114190662710007018e+01 -3.503462872942217388e+01 2.256702807343375810e+02 9.917478243458143439e+00 1.856338219944420720e+00 1.433803346045906224e+01 5.008731899606873839e+01
1.211000000000000000e+03 1.063940043081759313e+03 -2.115669339601354793e+01 4.204438499526277440e+01 -1.593806868057724557e+02 3.147117078966522854e+02 9.039284500506749254e+00 1.519417353224857514e+01 1.137052709378785238e+02 3.200509417964915571e+01
1.220000000000000000e+03 1.020037642136018917e+03 2.012964691504756232e+01 1.767117350111691820e+01 1.551020585727915773e+02 1.344859169879343028e+02 3.915469323321529771e+01 2.710333403779785044e+01 2.105744365785648142e+02 -2.977315706817491048e+01
1.229000000000000000e+03 9.861118733217297176e+02 -1.009806287995079543e+01 2.205023723736034924e+01 -8.104458012840284198e+01 1.775213885437013630e+02 -3.629705061546807388e-01 2.200452668890090635e+01 1.729006243141382981e+02 -1.178227850505114693e+00
1.238000000000000000e+03 9.311561523288780791e+02 -8.618044027488720449e-01 3.475004849772227011e+00 -7.222653054076443979e+00 3.131607233717095795e+01 -5.860861533134706036e+00 -3.942481231823600041e+01 -3.230853234256209134e+02 -2.195324922606174312e+01
1.247000000000000000e+03 9.147923826343796918e+02 2.499892954044436877e+01 -1.345933480430222318e+01 2.090987220641800377e+02 -1.139244249299985228e+02 6.354944407931618144e+01 6.776264622340235633e+01 5.732149435899422087e+02 1.819133080994726015e+01
1.256000000000000000e+03 8.545554531580214643e+02 -1.435688863170610929e+01 -3.433312774059020356e+00 -1.239870971920391725e+02 -3.473656670934648361e+01 -1.640809189303289450e+00 2.079274335650477568e+01 1.823095417456796383e+02 2.135628151440960742e+00
1.265000000000000000e+03 8.868568186394655868e+02 -8.414388185710654611e+00 -1.359529894364251135e+01 -7.536046193887965217e+01 -1.229923807970560006e+02 2.835241941871863602e+01 -4.049475290772758740e+01 -3.679220080491334102e+02 1.860264269169304541e+01
1.274000000000000000e+03 8.433346142581006006e+02 -1.335525434786515753e+01 -2.567649821590559611e+01 -1.203222379370402280e+02 -2.392088544213758894e+02 5.816022835698608162e+01 -7.959794582678905606e+00 -7.613641439843593162e+01 2.927529812296588152e-01
1.283000000000000000e+03 8.139131586327167724e+02 -8.504563693121352230e+01 -1.393262859976100465e+01 -8.176567356554789967e+02 -1.329766805779107699e+02 3.121923211515899510e+01 4.299913978079379007e+01 4.151952043890695450e+02 1.566729889801523967e+01
