# l Dl_TT Dl_TE Dl_TB Dl_ET Dl_BT Dl_EE Dl_EB Dl_BE Dl_BB
3.000000000000000000e+00 2.796154447975530388e+02 5.581814136690918637e+00 -3.026847461874682566e+00 5.582106774735389187e+00 -3.026639420042469997e+00 1.603112924871455069e+00 -2.423784753621545940e-01 -2.423852630036752165e-01 -4.138256508453264648e-01
7.000000000000000000e+00 8.945523747565233634e+02 3.976085153604391742e+00 2.091673012173302038e+00 3.976300163135140675e+00 2.091801855017555667e+00 5.345942839112989287e-01 2.672594465237295228e-02 2.672946689489471422e-02 8.632445825278336482e-01
1.200000000000000000e+01 7.754627683516873731e+02 3.115483921828526626e+00 -9.506110471457086541e-01 3.113295090889786287e+00 -9.506766849209876691e-01 5.061698593877345109e-01 4.362902644819868780e-02 4.364158480146274055e-02 3.141939844616076227e-01
1.700000000000000000e+01 1.053114190597777906e+03 -6.874876313383199822e+00 -2.585041065671440097e-01 -6.875586729134778530e+00 -2.584988781298164229e-01 4.029480212807636796e-01 -1.236869958802076438e-02 -1.237115756482364687e-02 1.904896375190966717e-01
2.200000000000000000e+01 6.910714748499460711e+02 -1.130785883829950933e+00 -5.139054086280181455e-01 -1.130134031236800229e+00 -5.140476938828032472e-01 4.138730140658483103e-01 2.516999124977702465e-02 2.518380165201617588e-02 2.792151091448953903e-01
2.700000000000000000e+01 9.467642099531333315e+02 2.614789493759961836e+00 1.341267935496993191e+00 2.616516507131411373e+00 1.341692906223881154e+00 4.292281052130019203e-01 9.145008110771724735e-03 9.150306800334391186e-03 2.061741645434730097e-01
3.200000000000000000e+01 1.151127718610267948e+03 8.978654851183058838e-01 1.613236326583538327e+00 8.978041182722147351e-01 1.614221850720002793e+00 3.823229673668649409e-01 2.101314676493653416e-02 2.103538916684147622e-02 2.341401661752523233e-01
3.700000000000000000e+01 1.260961260346499330e+03 4.864277451851857670e+00 3.592326101417799289e-01 4.869426193938059200e+00 3.598548114764962280e-01 3.023537252735482017e-01 -1.665400474830353722e-02 -1.668114921338081230e-02 1.789372021297974125e-01
4.200000000000000000e+01 1.474488509306226433e+03 -1.854819157994590073e+00 1.270976276766264901e+00 -1.858275961780105900e+00 1.272968769135282674e+00 2.995960496524843752e-01 7.437374277966546550e-03 7.439161290727580589e-03 1.892509935163698143e-01
4.700000000000000000e+01 1.425368805899759991e+03 2.324481450422641426e+00 2.861075206920879133e+00 2.329546605797983894e+00 2.866954810496486150e+00 3.877475725809599316e-01 -6.522276146015660095e-03 -6.536248903301841891e-03 1.478227943640677278e-01
5.200000000000000000e+01 1.363728942334569638e+03 2.324710666145701765e+00 -1.782699864504581344e-01 2.330877574924973494e+00 -1.787466984137810189e-01 3.988732405473501275e-01 -5.207768481410186834e-02 -5.221483805776734599e-02 1.997717287826182575e-01
5.700000000000000000e+01 1.719076136043336646e+03 -4.280664445324412704e+00 1.287074288381148124e+00 -4.293686018963526863e+00 1.291683359457724167e+00 4.400097406656110488e-01 1.211788381452307863e-02 1.216464204524043621e-02 1.490228180727761753e-01
6.200000000000000000e+01 1.648092976707796652e+03 -8.012722595154648797e-01 2.150900773647237862e+00 -8.041436708288456359e-01 2.158600432155985516e+00 5.710451205677185005e-01 -3.427702538146044919e-02 -3.440089290550128048e-02 9.736089045866735958e-02
6.700000000000000000e+01 1.884361641951447837e+03 -3.033208974881028919e+00 1.027843301826309119e+00 -3.045126375220867931e+00 1.031673604126978949e+00 5.571170565688123855e-01 1.916299643678601519e-02 1.924257854567316267e-02 8.232798387292961095e-02
7.200000000000000000e+01 1.982355533271893819e+03 -9.259582629774616436e+00 4.456349714262948680e+00 -9.302706031242179208e+00 4.477018535731414950e+00 4.710464577912669704e-01 -1.059931379816349273e-01 -1.064892993521361075e-01 1.718687870777831639e-01
7.700000000000000000e+01 1.734367277714741476e+03 -9.388232090208354919e+00 -9.358040871464397004e-01 -9.440088072830336685e+00 -9.405735516600863821e-01 7.120690561084896952e-01 1.650516840794083451e-02 1.656870482992449031e-02 1.669980099361681736e-01
8.200000000000000000e+01 2.125943258576745848e+03 -1.729749134259013443e+00 1.190915832848837841e+00 -1.741490923199543683e+00 1.198582513711994091e+00 6.434333886107204137e-01 5.107483592173264059e-02 5.134063111622686609e-02 -3.018951096798783845e-02
8.700000000000000000e+01 2.381543120949932927e+03 -7.302663447400452590e+00 8.431984345754947596e-02 -7.353407380108292202e+00 8.434360831383429236e-02 6.975196618338030952e-01 3.518241984001239109e-01 3.541792568489083304e-01 8.280923337632178916e-02
9.200000000000000000e+01 2.395671285367236123e+03 -2.084878332511578591e+01 1.913793009364576636e-01 -2.100864871277530455e+01 1.939128587352289546e-01 9.630980731904731362e-01 1.111396027726352376e-01 1.120001974894170582e-01 2.082185985623986879e-01
9.700000000000000000e+01 2.548007077218172071e+03 -1.974914207799883314e+01 -1.720607914046756282e+00 -1.991760894553421224e+01 -1.735146213964749107e+00 8.314316646441296532e-01 -1.279931341351355223e-01 -1.290613893265331602e-01 1.509875938698830855e-01
1.040000000000000000e+02 2.975628603336124343e+03 -2.442477967282136575e+01 3.688096208310228663e-01 -2.466583733138936907e+01 3.727204973060381787e-01 9.889741588939495731e-01 2.177574812463750342e-01 2.197997479144571387e-01 2.166832726292912403e-01
1.130000000000000000e+02 3.125675494067915679e+03 -3.386445072850737148e+01 -1.754966451709606412e+00 -3.425596557948685472e+01 -1.777929306197878256e+00 1.157217951092805341e+00 1.145065871594479756e-01 1.158026997007668146e-01 1.101580584692307130e-01
1.220000000000000000e+02 3.436557114827339319e+03 -3.330763974786513870e+01 -2.033105209955118342e-01 -3.375357226111120212e+01 -2.064176301266731905e-01 1.244577504901414500e+00 -9.226590036454070110e-02 -9.346037133634378657e-02 1.341494535001798161e-01
1.310000000000000000e+02 3.646081172523046916e+03 -4.020490359468353603e+01 -2.155236625803174988e+00 -4.082246191427659454e+01 -2.184702850987164879e+00 1.322692816384534398e+00 1.697554479168247865e-01 1.722804535748508059e-01 1.706485770395878565e-01
1.400000000000000000e+02 4.203341840336148380e+03 -4.900335052048384910e+01 1.902482295100411669e-01 -4.986404248323006527e+01 1.956721123964957343e-01 1.309741372046988594e+00 -4.779401006362073157e-02 -4.872630520797242154e-02 1.824913035164072161e-01
1.490000000000000000e+02 4.287828883765682804e+03 -4.900087637534360141e+01 -1.477682057327408316e+00 -4.996946209476156042e+01 -1.503756799156985346e+00 1.244614913490027064e+00 1.236203666217785546e-01 1.258639836174416105e-01 1.215069283521224286e-01
1.580000000000000000e+02 4.758110285438379833e+03 -4.742176570554549642e+01 -7.982950966617305077e+00 -4.847393226598351390e+01 -8.156998194428974003e+00 1.194124920084685737e+00 3.402618364404018381e-02 3.455127706849529801e-02 5.033934394171800386e-02
1.670000000000000000e+02 4.853409887157238700e+03 -4.545605354415334887e+01 1.509601364486979680e+00 -4.658221461682712317e+01 1.545719284130364191e+00 1.037366051205010464e+00 -3.023353761025054931e-03 -3.166732134341720701e-03 3.299679637538296701e-03
1.760000000000000000e+02 5.081480248195345666e+03 -3.986918712898395256e+01 -7.880534908968535035e-01 -4.096573468392822548e+01 -8.140415244634111591e-01 9.829651137172074060e-01 -7.896036902441208941e-03 -8.163897013621499582e-03 2.725763458769725478e-01
1.850000000000000000e+02 5.321040032320715909e+03 -3.443085983050954013e+01 2.146119651744986090e+00 -3.547485335366041426e+01 2.209964162685912559e+00 1.263411969202572482e+00 -1.859503075088121682e-01 -1.915406999859401160e-01 1.195902315791262140e-02
1.940000000000000000e+02 5.455641499542385645e+03 -1.441342945911252293e+01 -1.431914116608984378e+00 -1.489374372597115759e+01 -1.479115018584455488e+00 9.919625359724145719e-01 4.461073275369836083e-02 4.582464625501501271e-02 1.453763758514070581e-01
2.030000000000000000e+02 5.522740017547739626e+03 -4.080556347714715315e+00 7.210078945797237182e+00 -4.224817746425362230e+00 7.461536547665415853e+00 8.626524690583576849e-01 -1.043820620878292971e-01 -1.081956619625499549e-01 1.725513609771388568e-01
2.120000000000000000e+02 5.694201177769776223e+03 3.290907417909107124e+00 -1.192603372204962220e+01 3.428016126251054452e+00 -1.239887880654609909e+01 1.090002790912724118e+00 -8.025424851553861205e-02 -8.341316686746197417e-02 8.598080471466916508e-02
2.210000000000000000e+02 5.901722465638147696e+03 1.972945624505210205e+01 -1.140705153966060426e+00 2.057117660729781150e+01 -1.189200840134936543e+00 9.560619590228438547e-01 3.026626275335261504e-02 3.153939822521606429e-02 2.389308895391805965e-01
2.300000000000000000e+02 5.624136561287137738e+03 2.897801130276441484e+01 -7.987881065531191815e+00 3.032450032881736846e+01 -8.359433026996251570e+00 1.217738407788238053e+00 -2.089075185436245485e-01 -2.182394202325348420e-01 1.820216118824963258e-01
2.390000000000000000e+02 5.809439525684834734e+03 3.698541291819688581e+01 -3.545504367399376466e+00 3.885317131996305307e+01 -3.716162406512383498e+00 1.778878598039644432e+00 5.578497493750341624e-02 5.847581489862650750e-02 2.512341138757365200e-01
2.480000000000000000e+02 5.453180525846975797e+03 5.147000467817398572e+01 6.140182952977375486e+00 5.424956765875262477e+01 6.471779723127070838e+00 2.487613157576548772e+00 1.096025243240254521e-01 1.155861175376913519e-01 3.269714634662389263e-02
2.570000000000000000e+02 5.257789923577057380e+03 7.113390298899636832e+01 -4.619306633343751023e-01 7.526388592435786506e+01 -4.857556479914814651e-01 3.060621923882004047e+00 2.541247700075258131e-01 2.685704857092018893e-01 -5.685534299700607981e-03
2.660000000000000000e+02 5.019425327345434198e+03 8.716118929036885277e+01 -2.570624075440842038e+00 9.256718392825456476e+01 -2.730589700919379137e+00 4.048275039119110019e+00 -4.902555345149125360e-02 -5.167625223374202464e-02 4.799589491324289248e-01
2.750000000000000000e+02 5.035102219400081594e+03 1.042801286200522384e+02 -1.419013168820545623e+00 1.112013135490016680e+02 -1.513537635784866886e+00 5.199476520575618821e+00 -2.613820522051880646e-01 -2.779977782397643482e-01 3.211705848663897189e-01
2.840000000000000000e+02 4.590059630328560161e+03 9.608371046306989172e+01 2.560050158057988412e+00 1.028849202654973851e+02 2.745535731985190075e+00 6.468315193065333091e+00 1.783220361981332491e-01 1.912685312039693053e-01 -4.623887382822743086e-02
2.930000000000000000e+02 4.340734781598396694e+03 1.196507021562152318e+02 2.669034801124968936e+00 1.286669766343443939e+02 2.868013215977162300e+00 8.434905135197427128e+00 2.525486306673279113e-01 2.713018864183012746e-01 -4.460965745573583496e-02
3.020000000000000000e+02 3.932421682815869644e+03 1.227532285841176503e+02 -7.322405089557300073e-01 1.325975233832153890e+02 -7.983018481003090194e-01 9.610647366860339602e+00 2.220070470685067965e-01 2.395028522576230778e-01 1.536661013008450427e-01
3.110000000000000000e+02 3.653584254540755865e+03 1.216347193089498262e+02 4.778336591494201535e+00 1.319775396851708535e+02 5.179376333599247317e+00 1.187654810200764288e+01 5.163340619715042212e-01 5.587263691675183885e-01 2.116285716581498833e-01
3.200000000000000000e+02 3.385755971872783903e+03 1.203795868480450366e+02 -3.742141285682639040e+00 1.312311093314477546e+02 -4.078375400454786970e+00 1.329376057305521996e+01 3.318115515865064369e-01 3.606819137375141260e-01 -1.423750553679652420e-01
3.290000000000000000e+02 3.199788451811651157e+03 1.122305042855984709e+02 3.451336427811152685e+00 1.229181169649245646e+02 3.778366210367213984e+00 1.569015741706936495e+01 7.778769035297984358e-01 8.504347158810229290e-01 -2.643785077375857551e-01
3.380000000000000000e+02 2.807291850593099298e+03 1.089681152087927387e+02 -1.679116589016687033e+00 1.199483916074093486e+02 -1.845751780626904370e+00 1.593487336717182856e+01 -2.199159394856566863e-01 -2.414406852600896325e-01 6.442320686595140455e-02
3.470000000000000000e+02 2.522912879336232891e+03 9.092355513681690127e+01 -6.058350636141578427e+00 1.005928946449420209e+02 -6.709182384775129293e+00 1.796385855166710499e+01 -6.526765526941250561e-01 -7.209905426247291693e-01 9.783944478219384899e-02
3.560000000000000000e+02 2.376101556437006820e+03 7.594832153888283699e+01 8.972041203289195244e-02 8.445336873074886341e+01 9.435131974243739228e-02 1.864012429072071342e+01 9.342438478425683090e-01 1.034227233495322196e+00 -2.844363136281470861e-01
3.650000000000000000e+02 2.202155359280580797e+03 6.718261711875160813e+01 -4.607218417562974899e+00 7.509954260839673168e+01 -5.153651171414517229e+00 2.034661508873638525e+01 8.009655376480496747e-01 8.909370998335727210e-01 -2.423506458452958645e-01
3.740000000000000000e+02 2.083622578483480993e+03 4.912116021950024702e+01 -1.201897912827545531e-02 5.521345295922499474e+01 -1.709011777425355899e-02 2.169580378319005121e+01 -2.576868519934252255e-01 -2.881116191463750642e-01 2.930531238151437221e-02
3.830000000000000000e+02 1.921445291768265633e+03 3.414352764969189025e+01 -9.389660664311008098e-01 3.856520277069409985e+01 -1.060030642009546220e+00 2.111590675330795364e+01 5.913053250165645203e-01 6.652869372370889822e-01 -3.331810466880136823e-01
3.920000000000000000e+02 1.792137369340530313e+03 1.873303485948729019e+01 -4.455327104237488456e+00 2.128565082716004042e+01 -5.052007021118898322e+00 2.298404609956986988e+01 2.559207327322814418e-01 2.907285347115650675e-01 4.063397365848731013e-01
4.010000000000000000e+02 1.747947827328717722e+03 4.007104486960419543e+00 -4.847501294224253243e+00 4.585116767851449282e+00 -5.547215028162713502e+00 2.188093998398770879e+01 4.031750368374290017e-01 4.602924408355120178e-01 8.343009719132468693e-02
4.100000000000000000e+02 1.755508751253671107e+03 -2.369160942121697033e+01 3.265999162397862143e+00 -2.722498093472887959e+01 3.763026494472519801e+00 2.272167214994615492e+01 1.356535127908054805e-01 1.559739761884424980e-01 4.014507595606364165e-01
4.190000000000000000e+02 1.745438897123435709e+03 -4.459504048324625813e+01 -3.545536645787574326e+00 -5.159528465717457379e+01 -4.105556675458926108e+00 2.006010857609733833e+01 -1.824644784559804889e-01 -2.092074644063947053e-01 -3.634258622898192681e-01
4.280000000000000000e+02 1.785169812855443070e+03 -4.749858951507872717e+01 -1.863319649560624791e+00 -5.530785354223765893e+01 -2.159144562396594580e+00 1.997689898031648070e+01 -1.213205286842749947e-01 -1.395500376339492421e-01 9.277263328552274313e-01
4.370000000000000000e+02 1.788719652906490637e+03 -6.040119647174807938e+01 2.402053857783690738e+00 -7.076944113562174721e+01 2.831222034669417464e+00 2.020926764114763685e+01 6.508895808207005862e-01 7.577844848490908891e-01 4.448610650978948589e-01
4.460000000000000000e+02 1.861225247642813201e+03 -6.182783324504978850e+01 -8.842346661349292924e-02 -7.290287383971798363e+01 -1.024895952730175280e-01 1.694695944801285137e+01 9.630179277728749543e-02 1.144719706519818359e-01 1.235778262416665357e-01
4.550000000000000000e+02 2.051889335869767365e+03 -7.599000449707800442e+01 -2.408820451573358667e+00 -9.018930803079271641e+01 -2.857813144413926310e+00 1.483554795222433675e+01 2.873355378222263168e-01 3.394070106587958602e-01 1.052811145998738596e+00
4.640000000000000000e+02 2.239813426957729462e+03 -8.073827642116337699e+01 -2.164607725044237707e+00 -9.646452414617382942e+01 -2.580490110777562407e+00 1.511776540906054933e+01 2.234560266306619691e-01 2.675391060501401408e-01 -3.657692408685583874e-01
4.730000000000000000e+02 2.189733426827875974e+03 -7.422565115562487392e+01 -8.378397292134458496e+00 -8.929161643814776994e+01 -1.007177846710748526e+01 1.287146470739146054e+01 2.701191599152334977e-01 3.250603497162883881e-01 5.956056003304300850e-01
4.820000000000000000e+02 2.303753412577345443e+03 -7.168580297345631891e+01 3.190104128101613590e+00 -8.680865401828110350e+01 3.860436574738273841e+00 1.234937720377268455e+01 -4.109154873397711794e-01 -4.922577901662710809e-01 -5.049153693444040636e-01
4.910000000000000000e+02 2.428836199499141912e+03 -8.217612448787889434e+01 -4.175347857248000061e+00 -1.002389303343508686e+02 -5.105592573527752087e+00 1.150299224995766423e+01 4.201304253127169375e-02 5.402610860525373232e-02 -2.587643530175429141e-01
5.000000000000000000e+02 2.449641484767531438e+03 -5.713265528739949417e+01 -7.220342062429371488e+00 -7.018021695439716723e+01 -8.884532398242207307e+00 9.086280522634808676e+00 -4.095931950247162501e-01 -5.014957551537674307e-01 4.733698096138844180e-01
5.090000000000000000e+02 2.607409339828698194e+03 -5.304892170607988078e+01 7.452617590205797837e-01 -6.564122945122490194e+01 9.017736880253343079e-01 8.525486925048994635e+00 -7.246808117102436775e-01 -8.914540480086599050e-01 1.479444379340161486e+00
5.180000000000000000e+02 2.585866320044954591e+03 -3.874678753080760885e+01 1.927579143764724723e+00 -4.829035075989801840e+01 2.419167931753614997e+00 7.770780128637611028e+00 1.571010221632417103e+00 1.948853837750250229e+00 3.451060305791289196e-01
5.270000000000000000e+02 2.625326732283572710e+03 -2.240634280407838119e+01 -3.825083526303034276e+00 -2.815304949745491570e+01 -4.766464549604114254e+00 7.117286938153977616e+00 -1.018587908604876163e-01 -1.221738371415150154e-01 7.695558130954748277e-01
5.360000000000000000e+02 2.541795357394965322e+03 -1.603178013538457947e+01 -2.029130594928612030e+00 -2.027113023665852509e+01 -2.546457482593508015e+00 7.860816211190623903e+00 -7.620015523051146822e-01 -9.567081550741483031e-01 3.798665896590332491e-01
5.450000000000000000e+02 2.505715327129145862e+03 1.480437440298312701e+00 -5.600258606435607689e+00 1.881236859317500620e+00 -7.143216148140211885e+00 8.839318339948082581e+00 8.518586194783237531e-01 1.084765180850332911e+00 -1.477821094107735315e-02
5.540000000000000000e+02 2.574711303442522421e+03 5.024976840925546862e-01 -9.844113640010647259e+00 6.675969279075093521e-01 -1.265443185128610359e+01 9.523487511690213125e+00 -4.727745043337376885e-01 -6.009884108993671648e-01 4.116112383215821402e-01
5.630000000000000000e+02 2.577294212431055257e+03 9.833822216703593355e+00 -6.369431855610389270e+00 1.274256910141631671e+01 -8.242534069317843048e+00 1.105923244306532993e+01 2.859035255667899400e-01 3.722331467665767613e-01 -2.881785642876742437e-01
5.720000000000000000e+02 2.436510377454087120e+03 1.067043156613548049e+01 -4.278958289886102051e+00 1.392823357350831692e+01 -5.571206022617957387e+00 1.275451614547392154e+01 4.492160082203366378e-01 5.805752718474548324e-01 -5.836679971372898956e-01
5.810000000000000000e+02 2.424418159099797776e+03 2.807781293783650867e+01 -1.686376412789069468e+00 3.698810147449983532e+01 -2.224701913233229966e+00 1.515441399677410139e+01 -2.301581021635093760e-01 -3.043086473093116195e-01 3.611113990905570059e-01
5.900000000000000000e+02 2.389858630634069414e+03 1.834740057361510068e+01 -1.708236702120420558e+00 2.436938896602541504e+01 -2.245642027953376196e+00 1.560032115823207732e+01 5.672175862410450131e-01 7.536812796077496657e-01 4.003892612603061618e-01
5.990000000000000000e+02 2.244035500716358911e+03 2.567586676379589505e+01 -3.022217295849949359e+00 3.440107633463493642e+01 -4.050977529419977685e+00 1.906342752807455909e+01 5.135883373807005690e-04 4.291572661775007631e-03 8.583775416895593757e-01
6.080000000000000000e+02 2.135434884594853429e+03 3.004231882315495739e+01 6.026329354997863597e+00 4.060653319822083063e+01 8.161378280776308003e+00 2.122219435777997276e+01 1.238168015094962993e+00 1.672022178074035637e+00 4.498583282809750367e-02
6.170000000000000000e+02 2.146473137882695937e+03 1.942312594395861680e+01 2.564516028562796812e+00 2.646904102375113155e+01 3.483288675187082628e+00 2.767195726252353083e+01 -2.288201718671288187e+00 -3.091108304466323453e+00 -2.377798128768875141e-01
6.260000000000000000e+02 1.976248384331137231e+03 4.818094739362685175e+00 -8.707903909768177630e-01 6.617389088396336660e+00 -1.195713773185590911e+00 2.785128184389335004e+01 -2.806577184990140528e-01 -3.791382096421424541e-01 1.797978162101050020e-02
6.350000000000000000e+02 1.973668111098521877e+03 4.704843474345389076e+00 3.354431734154738720e+00 6.493257741881113709e+00 4.642392860362967610e+00 2.978301327175732283e+01 1.935675500368081448e-01 2.679206396314038896e-01 1.193212179405108930e+00
6.440000000000000000e+02 1.872513049838672032e+03 -1.745535537815298710e+01 6.319293080234915649e+00 -2.446366521521670379e+01 8.864235982912401113e+00 3.405271962345950243e+01 1.174728703521924489e+00 1.623992727730369623e+00 -7.339327813738139028e-01
6.530000000000000000e+02 1.853959969357009413e+03 -1.917743619183730885e+01 -2.429910194688706060e+00 -2.713363895329912978e+01 -3.441712751820677152e+00 3.427694640808369542e+01 2.043126873985345426e+00 2.870433742001398780e+00 -1.073052391038943121e+00
6.620000000000000000e+02 1.878347246284610037e+03 -3.699120831784298957e+01 -6.885087393659507171e+00 -5.283344531580397785e+01 -9.808595914250336278e+00 3.752899228036343260e+01 -1.336306544957857279e+00 -1.887898946169491277e+00 1.176669020211685401e+00
6.710000000000000000e+02 1.820179628516537377e+03 -5.294965331707535938e+01 -8.571626419962116827e+00 -7.630140256838066648e+01 -1.234702201863551885e+01 3.673423184792432039e+01 2.015876617636101376e+00 2.881786863224512718e+00 -1.778592209435796878e+00
6.800000000000000000e+02 1.772087751726122633e+03 -6.697097624896375123e+01 7.261380108872840244e-01 -9.738482576370408594e+01 1.042910805930288509e+00 3.849839635684341488e+01 8.308855346247646656e-01 1.200763337114786333e+00 -2.500990734444014763e+00
6.890000000000000000e+02 1.844305341156456279e+03 -8.355150735549493390e+01 -7.761817190194828520e+00 -1.226766521612651388e+02 -1.134254846860004839e+01 3.960323868833980043e+01 -4.507485776771965602e-01 -6.627525999815266911e-01 7.039679833609560067e-01
6.980000000000000000e+02 1.902558858183166876e+03 -9.376356297879441115e+01 -6.612695395946887267e+00 -1.390799502866580326e+02 -9.829154654928146329e+00 3.776621149509331588e+01 4.062320244888400822e+00 5.973006532798652124e+00 -6.963292126292454087e-01
7.070000000000000000e+02 1.915486142111019035e+03 -1.041750661419077346e+02 -6.532662167175887546e+00 -1.560497155929470523e+02 -9.798843917939914050e+00 3.941580277885855566e+01 -5.491951839089221910e-01 -8.218076546897358226e-01 -9.277399049365653294e-01
7.160000000000000000e+02 1.942296694044603782e+03 -1.220676870438628612e+02 -7.461824438129580628e+00 -1.847662828136829205e+02 -1.128929031708504027e+01 3.800999047213159088e+01 1.330368250364264204e+00 2.005713833919459788e+00 2.014396221762926042e-01
7.250000000000000000e+02 2.010840448658231480e+03 -1.195617452499182605e+02 -8.247074106236667035e+00 -1.827858458217978352e+02 -1.257946690538357615e+01 3.476444365378524992e+01 -1.593244472041615012e-01 -2.399198547290538053e-01 2.096808158861380278e+00
7.340000000000000000e+02 2.064829346310188157e+03 -1.285251507803899358e+02 -7.242743715816317263e+00 -1.985166124926311966e+02 -1.119783461596851915e+01 3.208972827733182243e+01 2.708809793230602114e+00 4.145302583463251977e+00 9.397824919180837178e-01
7.430000000000000000e+02 2.199212264469579623e+03 -1.364706091438067403e+02 -5.470440695558586697e+00 -2.130210662048967833e+02 -8.556479509738641909e+00 2.830171360850613382e+01 2.366654472777865337e+00 3.658684151687368491e+00 1.278266439194919446e+00
7.520000000000000000e+02 2.257488149180477194e+03 -1.273150173002081544e+02 -5.788160741480750104e+00 -2.007966516149421068e+02 -9.108176865144363532e+00 2.948074998237969524e+01 -1.157904290528176450e+00 -1.820294595107925906e+00 4.351120487598078013e-01
7.610000000000000000e+02 2.338850933675928900e+03 -1.274971373721904797e+02 -6.578191457994721603e+00 -2.032858776762995205e+02 -1.048996580603407480e+01 2.691499354469773664e+01 8.339240522944320055e-01 1.313189717358252739e+00 3.549034235409200377e+00
7.700000000000000000e+02 2.356034340547656939e+03 -1.155423669614337712e+02 -1.148160152296657266e+01 -1.862375062239732131e+02 -1.849086938032327154e+01 2.222651587915748550e+01 -3.609515098981624232e-02 -5.070363310736326901e-02 -1.687090911908766477e+00
7.790000000000000000e+02 2.351665064202932626e+03 -1.193432079364952472e+02 -8.575703955994509187e+00 -1.944342535885966470e+02 -1.398958767318732122e+01 2.042310542285360597e+01 2.985794378043927708e-03 9.152676480352697069e-03 1.749939679037776363e+00
7.880000000000000000e+02 2.492922052492550392e+03 -9.953999899899895354e+01 -1.191410727209707154e+01 -1.639383121165259070e+02 -1.961679544990053259e+01 1.747622230478868488e+01 -7.137923680255094938e-01 -1.174852245096512204e+00 -8.730135125760979387e-02
7.970000000000000000e+02 2.458966784886072674e+03 -9.686929606296645545e+01 -7.156340612003688761e+00 -1.613593115991982643e+02 -1.193889044905093044e+01 1.726464641769015529e+01 -5.294297158098077993e-01 -8.849609623532841418e-01 1.248264065482231455e+00
8.060000000000000000e+02 2.513903687167168300e+03 -7.736361912799341667e+01 2.494312254095473413e+00 -1.303666314665919970e+02 4.238782617076648052e+00 1.760978642132963756e+01 -7.752114111669438090e-01 -1.303614951131492061e+00 2.021900087196447426e+00
8.150000000000000000e+02 2.589702882287167085e+03 -7.045227929181014304e+01 -1.175601331100963165e+01 -1.200455975812592158e+02 -2.009982974232302766e+01 1.470320085647927044e+01 1.188551910337822592e+00 1.992237585223010532e+00 3.383254607610602704e+00
8.240000000000000000e+02 2.533663445069145837e+03 -5.158992781123053106e+01 -4.862108133257286191e+00 -8.898629276904196672e+01 -8.499942229896834789e+00 1.618112886092964331e+01 6.268853674844153900e+00 1.070979475801015468e+01 -5.399757223483149238e-01
8.330000000000000000e+02 2.511245075566725063e+03 -2.998738328917460905e+01 -1.601895343572850905e+01 -5.228250815347653457e+01 -2.804151976223227649e+01 1.280480859580085706e+01 -1.205509686918887907e-01 -2.047157286788547359e-01 4.447330389266385353e+00
8.420000000000000000e+02 2.534572255589945598e+03 -1.370212405418271828e+01 -7.930416372423802152e+00 -2.425382315779987152e+01 -1.398970218992163161e+01 1.687558412057158819e+01 -1.968510396310895194e+00 -3.449982564059883128e+00 8.918290866502042169e-01
8.510000000000000000e+02 2.383429095414403491e+03 2.761983810174241327e+00 -6.715176381789812687e+00 4.946783673255334079e+00 -1.202188671103691142e+01 1.553991707291316615e+01 -2.422622192611897596e+00 -4.291379740711671609e+00 2.541012311300695714e+00
8.600000000000000000e+02 2.376776434078983129e+03 1.833229807546902990e+01 -2.290635840237542631e+00 3.324123287159572016e+01 -4.143297827092562891e+00 1.666797909510918885e+01 -3.313154441161532682e-01 -5.966795726738332029e-01 6.887742380593657732e-01
8.690000000000000000e+02 2.281728275937739454e+03 2.352332884897504783e+01 -1.585828607441394311e+01 4.307988430632082100e+01 -2.903289351490922598e+01 2.016388151636075676e+01 -3.939814737974939862e-01 -7.066448170577915855e-01 4.148737107469724350e+00
8.780000000000000000e+02 2.180239991180480501e+03 2.613528720848928089e+01 -1.618959143758197428e+01 4.852343021750373708e+01 -3.006430104697575700e+01 2.046117207096008173e+01 5.667026727011522658e-01 1.062014990146896931e+00 -5.072850518756902183e+00
8.870000000000000000e+02 2.092005965043159449e+03 4.622150299797616668e+01 -4.910367733817486702e+00 8.659474591605813032e+01 -9.200535566302809443e+00 2.126735115400759568e+01 -2.525105009640133957e+00 -4.688321385240174166e+00 1.892289428392004424e+00
8.960000000000000000e+02 1.974439703415893291e+03 4.534961648254326150e+01 -6.836982698948045112e+00 8.610594206871822109e+01 -1.295109028373266113e+01 2.449700209083034252e+01 1.326012252365412314e+00 2.466705554831376546e+00 6.699176806345207291e-01
9.050000000000000000e+02 1.841938155586148469e+03 6.183800397960931150e+01 -8.616767140137923775e+00 1.189177488355993688e+02 -1.660243090498175533e+01 2.507631814668880565e+01 -1.015851138439289869e+00 -1.942236399942123048e+00 7.487494045455298508e-01
9.140000000000000000e+02 1.770688973925816072e+03 6.351575182376877393e+01 8.597237762189879007e+00 1.238012763113790697e+02 1.677075262400520117e+01 3.140799575500693663e+01 1.572524262458225186e+00 3.001587377845456039e+00 8.153312944623052061e-02
9.230000000000000000e+02 1.632660563192070867e+03 4.511955178940414157e+01 -1.837241372224964309e+01 8.907166586479735315e+01 -3.621903756903569160e+01 3.443939802667540562e+01 4.374773318986097337e+00 8.544431119725215851e+00 3.524607681688389782e+00
9.320000000000000000e+02 1.585357323559413089e+03 5.285567763124848994e+01 -6.515900248921661086e-01 1.056677296791896623e+02 -1.359980176657919593e+00 3.949813732849165149e+01 1.872989295374714258e+00 3.710593172239204929e+00 2.034010222885711261e-01
9.410000000000000000e+02 1.456765593708019878e+03 4.472088872778128632e+01 -1.288968813654436593e-02 9.062900956284785536e+01 3.083881924713220354e-02 4.153334117617338705e+01 2.686185805481287048e+00 5.405083176801995570e+00 2.148969516887862419e+00
9.500000000000000000e+02 1.357160710759160793e+03 3.799978388918803773e+01 -4.704104899680585206e+00 7.796678770090701960e+01 -9.670798736986963462e+00 3.809101684081348083e+01 5.480792803405744706e+00 1.113952658764927861e+01 -2.235539731543963793e+00
9.590000000000000000e+02 1.298342284729895255e+03 3.065366121242180242e+01 -6.334228823233647887e+00 6.375164384188464339e+01 -1.314216127660295719e+01 4.004695484420530249e+01 -3.225763536232802764e+00 -6.602694508302860754e+00 -6.538224221017218118e-01
9.680000000000000000e+02 1.256879055250349211e+03 1.841334062572938990e+01 8.691676823196065271e+00 3.882313456591935363e+01 1.823378204090087351e+01 4.726143730203641979e+01 -3.111447278570046437e-01 -6.351930576103015369e-01 1.456801602889979952e+00
9.770000000000000000e+02 1.145912385305783573e+03 7.331529582202670703e+00 -4.830661949723984883e+00 1.561086316191994428e+01 -1.032585637865740225e+01 4.372959804185372690e+01 -3.475774481807174521e+00 -7.355252611153024311e+00 -3.785370265684702584e+00
9.860000000000000000e+02 1.125827339469896742e+03 -1.318106824586608816e+01 -1.605538914275162199e+01 -2.866755449987704196e+01 -3.479694319919973111e+01 4.594270536945474248e+01 -2.443743078640639776e+00 -5.233477262265840757e+00 -1.606413114811834131e+00
9.950000000000000000e+02 1.108337697829961826e+03 -2.295032761381373021e+01 -3.809887158011760810e+00 -5.043676413218813082e+01 -8.316288459031826008e+00 4.714483374109037328e+01 3.590184287313102462e+00 7.826546704277991928e+00 2.158375729708113866e+00
1.004000000000000000e+03 1.038852654001050951e+03 -3.937118658058447096e+01 7.877524615444335687e+00 -8.781641388911593538e+01 1.770353407831549220e+01 4.634267289777659471e+01 9.331008699709697485e-01 2.028556057580395589e+00 -6.809316443914372741e+00
1.013000000000000000e+03 1.094058162679001271e+03 -5.259605160763655363e+01 -1.270707581028992550e+01 -1.190355075350886835e+02 -2.869294283713350779e+01 5.176368303168105456e+01 -3.024751203370503183e-01 -6.861314058121545933e-01 -1.342360859463535450e+00
1.022000000000000000e+03 1.048757729420332907e+03 -3.904166372804445473e+01 3.447949857827082187e+00 -8.961071844342265535e+01 7.810852506424605046e+00 4.411202087937157046e+01 7.531559078682142916e-01 1.664728593718173277e+00 -3.433178818545667976e+00
1.031000000000000000e+03 1.060743336256337898e+03 -5.677991331023111599e+01 -3.034271717177828620e+00 -1.321135204153314646e+02 -7.039995867176902955e+00 4.073794745809261997e+01 -1.462215001034252726e+00 -3.327431063196887084e+00 -3.619380628012809797e+00
1.040000000000000000e+03 1.073799014028343208e+03 -6.123235775131929159e+01 2.120001395910088071e+00 -1.446342040553008701e+02 5.007766605493518597e+00 4.108025963581432194e+01 4.461085143716733370e+00 1.037415742746780545e+01 -6.720096957822588868e-01
1.049000000000000000e+03 1.099870107177147702e+03 -7.669218730776707105e+01 -5.185529128223663520e+00 -1.838148830330284227e+02 -1.243568602533857081e+01 4.227394335269109860e+01 2.035123673761890295e+00 4.774150544224275983e+00 -4.093013931587632825e+00
1.058000000000000000e+03 1.151487798360280749e+03 -8.368834954360153233e+01 1.715874894460133193e+00 -2.036235116334511872e+02 4.104421802466254654e+00 4.463639322300358003e+01 -1.513130027780894560e+00 -3.632899532794824360e+00 -3.317757990545119107e+00
1.067000000000000000e+03 1.148843908572700457e+03 -8.975169524988922376e+01 -6.104420872183138336e-01 -2.214076199072638929e+02 -1.445616308697158958e+00 2.505938522336050056e+01 3.109019188415067969e+00 7.562252141513480908e+00 6.172201254175380569e+00
1.076000000000000000e+03 1.170851691806491772e+03 -8.337818692895052664e+01 -3.150790770023320864e+00 -2.088669774466217461e+02 -7.891178753604805252e+00 2.701092976534602741e+01 -6.113680218885845896e+00 -1.510260900470078127e+01 9.348247879664284277e-01
1.085000000000000000e+03 1.245056268105019399e+03 -7.470529525697814677e+01 4.023680269339256377e+00 -1.900347160902478265e+02 1.031499211576437069e+01 1.493051718768801628e+01 -4.962234917225933017e+00 -1.248893283996106440e+01 -1.390466983683844582e+00
1.094000000000000000e+03 1.240429339160394875e+03 -8.738521613495782958e+01 1.072916406345341755e+01 -2.258002317734914186e+02 2.759182089830035878e+01 2.498936274902202825e+01 2.020074684870794446e+00 5.148295868410276199e+00 2.798753514525407216e+00
1.103000000000000000e+03 1.223914760935577078e+03 -4.959061408604124210e+01 -6.715870757827968163e+00 -1.300894600298623516e+02 -1.767027365380723936e+01 2.005671176642440301e+01 9.016538821799336745e+00 2.325327919321465231e+01 1.462633980293832181e+00
1.112000000000000000e+03 1.228302970818465838e+03 -5.392126661028088819e+01 -8.278659849576566643e+00 -1.436370742580639615e+02 -2.207051230134406339e+01 1.980467942812826010e+01 -1.162193808673816497e-01 -1.867344397000433864e-01 -3.620969571959178346e+00
1.121000000000000000e+03 1.267390766272296787e+03 -5.462996920412206237e+01 -3.906970361463466546e+00 -1.477821729499639218e+02 -1.041960930441091548e+01 1.713470204359743576e+01 5.765695984596699297e+00 1.543272505412220852e+01 -2.390922335839582580e+00
1.130000000000000000e+03 1.257445761130913525e+03 -4.458639630291317246e+01 -4.231439599628052051e+00 -1.226215426887743973e+02 -1.169168632657288320e+01 2.434566388888604038e+01 1.039024977504598324e+00 2.861772801525633625e+00 4.217861286148334443e+00
1.139000000000000000e+03 1.232324817047667693e+03 -5.053035896500110624e+01 -1.216402984138957066e+01 -1.411756075697593360e+02 -3.385902024897873019e+01 1.341786502641422807e+01 6.719110483787539279e-01 1.915576978963932753e+00 -3.809573594511480810e+00
1.148000000000000000e+03 1.237841046092870783e+03 -3.187551921841278002e+01 -4.807332597827048026e+00 -9.045357721721883593e+01 -1.352589138327927643e+01 1.287191533162310897e+01 -5.470703562313984136e+00 -1.527161200083319414e+01 2.689906908370226502e-01
1.157000000000000000e+03 1.242693858218782452e+03 -1.750454045293260208e+01 3.921901751360997723e-01 -5.041894183893032988e+01 1.345321505689838659e+00 5.035146471875735941e+00 5.363826600433700520e+00 1.529483735980159054e+01 -9.659116679747943301e-01
1.166000000000000000e+03 1.179586166907146662e+03 -2.222625105247896471e+01 8.654056188163008478e-01 -6.505738323150430347e+01 2.737665977201223733e+00 6.980143940985668038e+00 -3.904738610501468088e-02 -4.529545795579774208e-03 6.513660631657572253e+00
1.175000000000000000e+03 1.167442511325781879e+03 -3.296358642209104062e+01 -4.281603951693905508e+00 -9.817042240744352455e+01 -1.254682835961557785e+01 1.894992818585966177e+01 4.657786562865249280e+00 1.364062463338546749e+01 -7.448035231389522615e-01
1.184000000000000000e+03 1.152855197496723804e+03 9.979647364907799911e+00 -9.369863860395634347e+00 3.025399241717340360e+01 -2.834444273471810760e+01 1.781746128650978278e+01 -8.299074868147434003e+00 -2.470316027928013725e+01 -1.689215210190960770e+00
1.193000000000000000e+03 1.112037997129266842e+03 -6.458963721659086943e+00 -3.734450525134111576e+00 -1.995048793843524848e+01 -1.163256537302810578e+01 1.950635354768269636e+01 4.303312174720648642e+00 1.289813281500545372e+01 -3.681670343096603570e+00
1.202000000000000000e+03 1.027918531433676208e+03 6.777722445765231640e+00 -4.291032725347767585e-01 2.093147160204398460e+01 -1.475988400350592977e+00 2.457416890280411792e+01 2.139275119527260127e+00 6.577097328097461393e+00 6.409766598414121108e-02
1.211000000000000000e+03 9.927393380468513442e+02 5.107365530691471811e+00 8.614917189156470201e+00 1.631039188385688732e+01 2.743148679683476132e+01 2.179118719396912951e+01 -2.430292095829220678e+00 -7.645519370378325519e+00 -8.995903358085458601e-01
1.220000000000000000e+03 9.877614822261800782e+02 8.576076822348541739e+00 3.981711943153784183e+00 2.779125258752469918e+01 1.283549646253554855e+01 2.457153784512540540e+01 3.503552716987298421e+00 1.118061661130080076e+01 -2.623698659554949852e+00
1.229000000000000000e+03 9.253580464240458241e+02 1.008798331620208977e+01 3.955553317719499695e+00 3.330071476532115327e+01 1.289366386692209332e+01 2.643705519901671863e+01 3.282903938180412595e+00 1.062697013644301158e+01 2.560864500475865668e-01
1.238000000000000000e+03 9.131505897149220345e+02 -5.759419284540873818e+00 -1.270748893578176997e+00 -1.911146458421569250e+01 -4.179388770627998184e+00 2.458263593757274990e+01 1.481361269340653841e+01 4.886953501129601563e+01 -9.386154624070192298e+00
1.247000000000000000e+03 8.867276129293700251e+02 5.223596167808302049e+00 -1.370407088265081796e+01 1.779143688894139075e+01 -4.638349142310630668e+01 2.262914692141507444e+01 1.559845235778385963e-01 6.330969328058037027e-01 -8.321315815835852447e+00
1.256000000000000000e+03 8.280408684270551021e+02 -4.784273089520191924e+00 -2.070467588572508078e+01 -1.641166391827824000e+01 -7.176221285147447304e+01 3.797550764685825442e+01 3.432378837173929220e+00 1.173795742324836411e+01 -8.479158159886381441e+00
1.265000000000000000e+03 7.971777276914870072e+02 -8.660303362912808112e+00 5.298071204802180745e+00 -3.063051108506385845e+01 1.884137504903457838e+01 4.108487014709269403e+01 7.899273850714823020e-01 2.958932430206500985e+00 9.745502879271347174e-01
1.274000000000000000e+03 7.910171414699076422e+02 -1.208363318587142388e+01 -4.249879641554405119e+00 -4.346983073097018035e+01 -1.522006613054685431e+01 2.598251778585345662e+01 -6.739023659958501611e+00 -2.387257564544965760e+01 -1.163613934594598476e+01
1.283000000000000000e+03 7.522665273317716128e+02 -3.541026773381058490e+01 -7.321663463240235536e+00 -1.296841698671214829e+02 -2.668723388069928859e+01 2.323534901775033745e+01 -1.530842823464358027e+01 -5.486947506431344124e+01 3.691188985698587999e-01
1.292000000000000000e+03 7.796321907576719923e+02 -3.647567944184982736e+01 -7.686625857845077014e+00 -1.359796115185710050e+02 -2.864321808276632453e+01 3.750861207066740377e+01 -9.581157226971568353e-01 -3.449326511642300641e+00 2.723693095040939927e+00
1.301000000000000000e+03 7.557045297466297598e+02 -3.231955916232629278e+01 2.466575192681065953e+00 -1.225361881173382983e+02 9.081025293062749526e+00 3.780132833936675496e+01 7.027673012699970911e-01 2.794104286404837101e+00 -6.247600169348462629e+00
1.310000000000000000e+03 7.374468318820300965e+02 -3.367348430214607902e+01 2.542450518801203430e+00 -1.305843958469394295e+02 9.633966003169051717e+00 3.911663569775650018e+01 5.999721872724563809e-01 2.379414436318743942e+00 -4.581248247189170897e+00
1.319000000000000000e+03 7.435765972154791825e+02 -4.989228180565096693e+01 -2.698994512001060286e+01 -1.971994564816403681e+02 -1.064055436894927595e+02 4.613832976371428884e+01 1.195103096945958754e+01 4.633109972614849426e+01 1.033802514264815287e+01
1.328000000000000000e+03 7.422469968269083438e+02 -5.537635932988467147e+01 6.020741239709963111e+00 -2.222711186751470507e+02 2.429618635730979292e+01 1.706047946111333147e+01 6.016871796718301191e+00 2.401814774726082291e+01 4.480998175621794921e+00
1.337000000000000000e+03 7.793916590731982978e+02 -4.749723952924583159e+01 -3.802458214877125542e+00 -1.943727205727178102e+02 -1.562833138459319571e+01 3.871277617646578051e+01 -1.078387043685982327e+01 -4.315730036309345508e+01 -5.580720707451943596e+00
1.346000000000000000e+03 7.617310649013766124e+02 -5.999586970543810338e+01 5.330657387825090687e+00 -2.498478826672989612e+02 2.235635555658845774e+01 3.148230659547367338e+01 4.336926218258447818e+00 1.795142941003079784e+01 -4.674265577963210738e+00
1.355000000000000000e+03 7.893179105058929963e+02 -7.348241961388066557e+01 4.496401247339112395e+00 -3.117038278429315596e+02 1.928603645128178812e+01 1.748174317196809113e+01 3.562125672800144471e+00 1.482553150167621858e+01 -5.599557367244655026e+00
1.364000000000000000e+03 7.993672019961909427e+02 -6.398119707411480306e+01 -8.559845741215498904e+00 -2.767626360128955980e+02 -3.710882166191452569e+01 2.851323043256788381e+01 -6.873270900479990786e+00 -2.916305470414492262e+01 -9.567090338575617636e+00
1.373000000000000000e+03 7.957270141487219917e+02 -6.210358642898518156e+01 -3.329084025851425377e+00 -2.744941564790167376e+02 -1.515962788826547580e+01 1.605914554962061302e+01 7.964183178807221708e+00 3.475767848625423539e+01 -4.018530293236736384e+00
1.382000000000000000e+03 8.004717020865818995e+02 -4.160689629601944262e+01 2.958156647184426280e+00 -1.867475796802491743e+02 1.273725564759412521e+01 1.563613055325311763e+01 1.013933182614394468e+01 4.494268874810936865e+01 -9.758246162387012035e+00
1.391000000000000000e+03 8.270386825194963194e+02 -6.247927039567885998e+01 1.297235556236586795e+01 -2.866362203263244055e+02 5.915249557567031502e+01 3.607497325094897178e+01 1.029421176853827902e+01 4.619318618537226229e+01 2.198319450031725797e+00
1.400000000000000000e+03 8.530049587848651527e+02 -6.512888728668517047e+01 -2.694767985048741821e+01 -3.043816895927100177e+02 -1.254819756840774687e+02 3.933821201012912638e+01 -4.328405439169874747e+00 -1.975010106734882598e+01 1.276676320890438099e+01
1.409000000000000000e+03 8.434545736359535795e+02 -4.159772958011298272e+01 -2.075825396047042304e+00 -1.986559845646519022e+02 -9.958311661572960105e+00 -1.154035595883833487e+01 -3.467984825370414192e+00 -1.569449920309419788e+01 1.634274656083120192e+01
1.418000000000000000e+03 8.451926053142984756e+02 -6.177875402537810601e+01 -3.456738456116885683e+00 -3.006651339198464825e+02 -1.668188562436981570e+01 2.888237876029471352e+01 -8.504090910379208168e+00 -4.040041038850598909e+01 -1.919039792582792225e+00
1.427000000000000000e+03 8.159228505993312410e+02 -4.790346113672721629e+01 -2.107434533935355603e+01 -2.373278038784769137e+02 -1.041505426804835963e+02 2.305740434310997955e+01 8.357096278463139072e+00 4.074382809914246195e+01 -3.548710565163223585e+00
1.436000000000000000e+03 8.196154535065866185e+02 -4.054298477321868432e+01 9.105072153326474904e+00 -2.056443312394461600e+02 4.569832057017808324e+01 -1.567944811308030317e+00 -1.624152764335890708e+01 -8.133019583233902949e+01 -1.318942129542930353e+01
1.445000000000000000e+03 8.281775525771317916e+02 -5.736028015740524211e+01 -1.476730072737898780e+01 -2.964411815491269522e+02 -7.661221324137326860e+01 1.687924801308524536e+01 2.426839798952211780e+01 1.227236709697430683e+02 -1.824995002156770951e+01
1.454000000000000000e+03 8.024576437273468628e+02 8.408592413552399947e+00 -5.252315418566968486e-01 4.417362070538745655e+01 -2.745423954737398642e+00 1.537459229769685543e+01 1.215848470809967452e+01 6.310570839816203659e+01 7.208129444071088798e+00
1.463000000000000000e+03 7.861933114401616649e+02 -1.159684182279550946e+01 -4.464060940973896940e+00 -6.203417230023589468e+01 -2.383278988617225025e+01 2.153022067055834654e+01 -2.436033872641487008e+01 -1.289029950278924161e+02 1.214489297729761752e+01
1.472000000000000000e+03 7.775419158785439322e+02 1.016610731076788987e+01 2.034983316197438796e+01 5.585886052146656766e+01 1.121064381628887361e+02 1.116331717512078647e+01 6.563816365716537149e+00 3.509531820321862483e+01 1.753360798867034376e+01
1.481000000000000000e+03 7.670100538478752696e+02 1.712587178447163128e+00 -1.623229300014086007e+01 9.309956622749812283e+00 -9.049331094567558864e+01 1.310301536112969245e+01 3.005401614258686038e+01 1.657671431262208159e+02 2.147369006262815461e+01
1.490000000000000000e+03 7.622684228297301843e+02 1.028289558170461193e+00 -9.130649347135090466e+00 6.104199916611174004e+00 -5.232789312836814588e+01 2.806994500639344992e+01 2.442948517723895208e+01 1.367473214947609108e+02 1.233212426127816741e+01
1.499000000000000000e+03 7.329977057836987342e+02 -9.035432826237727255e+00 1.597284312100427783e+01 -5.319191327126237923e+01 9.366880173220367567e+01 -1.504129634057021114e+01 5.221902673852332200e+00 3.004239363900207138e+01 1.899330622899620380e+01
1.512000000000000000e+03 6.756159666046775101e+02 5.417223146244700693e+00 -1.241449683489563416e+00 3.240824608919679406e+01 -6.823927206350455243e+00 2.862760424432810069e+01 1.034657106801731885e+01 6.189828471842446334e+01 1.217194698828485855e+01
1.529000000000000000e+03 6.133757602264024626e+02 1.057297743771179377e+01 3.939694205679192152e+00 6.523910200214346844e+01 2.655629084383582139e+01 1.776534669954769541e+01 -3.995697363763865972e+00 -2.555372230196596561e+01 -1.107621658818853483e+01
1.546000000000000000e+03 5.681567812204916663e+02 1.319674324297085199e+01 -8.363953797784731137e+00 8.518142922698352493e+01 -5.449585117893562369e+01 1.925120793097488203e+01 2.960070874422217813e+01 1.920776401873823431e+02 -5.863932195213777732e+00
1.563000000000000000e+03 5.230790535185152521e+02 -6.589935186921533017e+00 -1.398281438806648680e+01 -4.583964452105280429e+01 -9.576282967958049142e+01 2.410196122100339622e+01 -1.777858832017219504e+00 -1.134973139159500555e+01 1.858075511553538561e+01
1.580000000000000000e+03 4.998389789493147077e+02 -2.090583032827463938e+00 9.819915022272165395e-01 -1.437034974718927316e+01 6.840941765344658698e+00 9.149456040631209319e+00 -2.354285423913180608e+01 -1.628754558201807754e+02 -6.519684091669180503e+00
1.597000000000000000e+03 4.568901845005827909e+02 -1.227301601606982295e+01 -2.882820670774150162e+00 -9.071815443902310960e+01 -2.177964555492292220e+01 4.158807620708046215e+01 6.527891476832373918e+00 4.769065986824126213e+01 3.806446115724789081e+01
1.614000000000000000e+03 4.383797074770886866e+02 -6.133289218395044706e+00 5.283479409704454177e+00 -4.738600295613849056e+01 4.062704830461863992e+01 2.368368036013258759e+01 -1.732320856362346717e+01 -1.313851704696141383e+02 -1.338339370333718747e+00
1.631000000000000000e+03 4.217658794249717289e+02 -2.492331766770353951e+01 -4.159705866283900377e+00 -2.027410285576815454e+02 -3.375266578444546184e+01 2.152447042907366281e+01 8.334366881699860841e+00 6.361147552716550990e+01 8.609515445281806123e+00
1.648000000000000000e+03 4.085794524237012411e+02 -4.832784488036134007e+01 -1.407192160893511890e+01 -4.080414522968282540e+02 -1.176241981792250328e+02 3.590019317075662286e+01 -6.280754540940568731e+00 -5.635578522768771137e+01 1.684954146700494348e+01
1.665000000000000000e+03 4.131912888207063475e+02 -4.227896530740002845e+01 -4.527182253564598469e+00 -3.744225946220616947e+02 -4.041009409217848969e+01 1.594637796303993227e+01 -1.462362026794478886e+01 -1.288808642246966372e+02 3.715340608265749012e+01
1.682000000000000000e+03 4.043583631110736860e+02 -3.767660992533087239e+01 -5.096086916609170459e+00 -3.496688524808046168e+02 -4.694227115503501579e+01 5.774183609289877239e+01 3.372793222904311961e+01 2.984903955582694834e+02 -9.228488679327464084e+00
1.699000000000000000e+03 4.143712973116247440e+02 -3.005752382431962033e+01 8.205091105352138925e+00 -2.882260228319669864e+02 7.856392962005747904e+01 4.504502633429157044e+01 2.535068178762910307e+01 2.373609354032664100e+02 -9.426143730915555352e+00
1.716000000000000000e+03 4.211561168123745347e+02 -5.498548782223002718e+01 -3.084772050442585289e+00 -5.521271728343562017e+02 -3.091626788262087189e+01 1.006212247831410878e+01 3.576960749629210312e+01 3.575321604606025971e+02 2.946543031515387767e+01
1.733000000000000000e+03 4.380313540873460738e+02 -1.157384955752097611e+01 -2.494346524123809417e+01 -1.206850823906553813e+02 -2.674574864548635560e+02 1.899909844777475243e+01 8.958472043953474184e+00 9.157651810146815308e+01 -2.165315434913331316e+01
1.750000000000000000e+03 4.039578390962845447e+02 -3.690120485228423064e+01 2.046922759782551893e+00 -4.126478545476092563e+02 2.194717919191396760e+01 1.360650049319749577e+01 1.264466512454478320e+01 1.312447795752603952e+02 2.746117629588074394e+01
1.767000000000000000e+03 3.990067557441121835e+02 1.536525843539966685e+00 -8.688201475037134358e+00 1.030100198209466278e+01 -1.001020878376003935e+02 5.493168138234587161e+01 -2.572948453076796227e+01 -2.877876648126623422e+02 1.295957653324443015e+01
1.784000000000000000e+03 3.943317224806518766e+02 -2.836033196869824380e+01 -2.399771550567083267e+01 -3.476239386458031504e+02 -2.913769585505825148e+02 -3.297753535782410239e+01 9.552311070058445708e-01 1.449804458549997754e+01 4.191779351246956331e+00
1.801000000000000000e+03 3.964491078461712732e+02 -6.494465470133357954e+00 2.850947042540998400e+00 -8.239596295146658633e+01 3.170215985886193977e+01 3.178279107312480534e+01 -9.880954469599525680e+01 -1.225465385043027709e+03 5.997431935263678682e+00
1.818000000000000000e+03 3.754796455189202788e+02 1.790272716420889765e+01 3.734141782564942957e+01 2.423735259467806316e+02 5.001189660902530250e+02 5.869073135266386743e+01 -3.765228708550112202e+01 -5.049744404114901499e+02 -6.268895498493608898e+01
1.835000000000000000e+03 3.468896719477008901e+02 -3.378007886726861386e+01 3.370400764681127015e+01 -4.757061446668296298e+02 4.763694722778872119e+02 2.734456530203453184e+01 8.702231870116440859e+01 1.195087547835692931e+03 -7.204533918016566929e+01
1.852000000000000000e+03 3.446957134290840372e+02 -6.269881480253078898e+00 3.611716228393230921e+00 -9.254922804416359838e+01 5.539016001455737381e+01 8.713596356863334336e+01 4.946809678732045512e+01 7.331290367297527837e+02 -2.748130434002677447e+01
1.869000000000000000e+03 2.922074380970182688e+02 -2.711637112937216898e+01 -3.433713973048435264e+01 -4.217180794582846488e+02 -5.352713855081101428e+02 4.564791729733661541e+00 -2.227616949205545893e+01 -3.325481154724541852e+02 -1.446017089141338907e+01
1.886000000000000000e+03 3.128621010378336678e+02 -1.980008879766096686e-01 5.408938395211033701e+00 -9.248898923883457357e+00 8.255594532415210551e+01 2.971575724929435580e+01 -9.214655823349721331e+00 -1.377941875184879734e+02 6.242337324224877193e+01
1.903000000000000000e+03 2.729484878458671346e+02 -3.564563201593415442e+01 5.235215371261944739e+01 -6.262489343141239715e+02 9.228176389215266227e+02 -8.190071334703112882e+01 4.166539262445930802e+01 6.863257540213910488e+02 1.177672327543107684e+02
1.920000000000000000e+03 2.793364487703055943e+02 -2.339586258734887636e+01 -6.855887172186895384e+01 -4.212689631726697712e+02 -1.257650265480120652e+03 8.999402914071558257e+01 2.012125268174804305e+01 3.338364919832662849e+02 4.946401539046843254e+01
1.937000000000000000e+03 2.810086322681814295e+02 -8.215825541590344727e+00 -8.398754135380931629e+00 -1.563325199585173095e+02 -1.573169605101351465e+02 -1.619751649632630119e+01 2.608789834711848243e+01 4.619484474054693237e+02 -5.040117662400329124e+01
1.954000000000000000e+03 2.592974279744127557e+02 -3.154251682069679319e+01 -3.406517690480997373e+01 -6.396537170650198050e+02 -6.866576300672720663e+02 -1.412282195151601059e+02 8.499063261526748292e+00 1.563539793243023439e+02 8.942764012632468962e+01
1.971000000000000000e+03 2.482374953066075136e+02 -3.001535174240884274e+01 2.379260371001481467e+00 -6.501423177960609792e+02 5.471046415882172909e+01 2.160743730454217371e+01 4.623406062466012401e+01 9.579388361931959253e+02 1.398926539668998270e+00
1.988000000000000000e+03 2.272389929050710862e+02 -1.337171612005088939e+01 -9.459206764026514946e+00 -3.073512261638420568e+02 -2.251574578580000434e+02 5.706977264983385822e+01 1.101840637154307529e+02 2.373979035202164141e+03 1.099184824031280243e+02
2.005000000000000000e+03 2.318678241226297416e+02 -1.259173233235927292e+01 7.284520796517714558e+00 -2.964976157954283735e+02 1.805032082480872475e+02 2.102233000821913151e+02 3.536380174454302505e+01 7.992834725561740470e+02 -7.828556537389874848e+01
2.030000000000000000e+03 2.739228179530073248e+02 -9.178979732293530702e+00 -2.508058090752206581e+01 -2.569086403147780970e+02 -6.337061678610959916e+02 -6.206615437311362626e+01 -3.741881498578998588e+01 -9.340925854402199775e+02 -1.251504836814098809e+02
2.063000000000000000e+03 2.371242939070079387e+02 -5.933352421461896853e+01 3.427167266488611830e+01 -1.745291898528202410e+03 9.770154117208276148e+02 8.482086803087484839e+01 5.802754662094864813e+01 1.641484835374882550e+03 8.932898281640859750e+01
