3.472250493205715216e-01
3.930081837016482504e-01
9.276254343561436411e-01
1.177318498647314637e+00
8.896563918339779331e-01
1.310216520781229521e+00
3.766236915144102859e+00
9.084976736838711986e+00
1.643094774339645880e+01
2.111720305353048133e+01
1.983162870729637817e+01
1.452390976342411300e+01
8.912082817331940632e+00
8.380828894113575345e+00
1.411195529228006329e+01
2.591888635022697684e+01
3.473349000115491236e+01
3.745904587435438060e+01
2.930428500078778953e+01
1.719462840450622565e+01
1.527079610424241984e+01
1.523951790467414114e+01
2.051350562786292997e+01
3.674223892664301871e+01
