1.575584550207307505e-02
-1.790744999510378299e-02
-6.471670632078412033e-02
-1.248790160980590008e-01
-6.901459137230799012e-02
1.636079787622569670e-01
-1.886558693956291721e-01
-3.099999601936922686e-02
5.908591245108532619e-02
-8.598647260196266504e-03
7.709132372889465450e-03
-1.205967004090413713e-01
-5.505514368216548604e-01
3.898503704609379561e-01
-2.454121273050255125e-01
4.395598981396012794e-01
1.851261827264943038e+00
2.180042671899437678e+00
-2.882173020978676004e+00
-7.107956363985993287e-01
1.270134225852755261e+00
1.825247253320992247e+00
-1.786100100407790325e+00
1.773982059559938929e+00
