8.182297091539446343e-02
1.956230035689133714e-02
-3.636913286503435511e-02
1.773266846472450475e-01
1.247743806064449679e-01
3.103004584016213485e-01
2.135696982110230069e-01
2.755806624514777203e-01
-4.426044872100414751e-01
7.989288402415757329e-01
7.186829046124145748e-01
-1.773364245577556952e-01
-2.785304824092896259e-01
3.316884190939318744e-01
-3.403085550682221072e-01
9.212031916541023602e-01
6.028071409030628658e-01
1.619731955163146386e+00
1.107276701251080242e+00
1.930094945495361980e+00
1.521276492710823325e+00
-2.061628244327711634e+00
-7.626443707019400220e-01
-2.077653475852955095e-02
