1.706279860915181157e-03
-2.054119260520459109e-02
1.003728860135684187e-01
7.046595796690159619e-02
-4.746365376707795819e-02
-7.227813524082697672e-02
-3.479276360525392076e-02
3.666188867873475532e-01
3.405931381570302952e-01
1.951326245885255384e-01
1.757857717418205568e-01
8.742155632255156628e-02
6.595467338432572935e-02
-1.676564486960618328e-01
2.247085133005265467e-01
2.033963825718115570e-01
5.389723209605631338e-01
1.161241792457376354e+00
1.038952899336463398e+00
-2.836879556763327592e-01
1.564888826210612649e+00
-1.303988806832266700e+00
1.986385120873376542e-01
2.257700570137249230e+00
