# l Dl_TT Dl_TE Dl_TB Dl_ET Dl_BT Dl_EE Dl_EB Dl_BE Dl_BB
3.000000000000000000e+00 2.277924607502966410e+02 1.925889698185492094e+01 -6.910170320487705631e+00 1.922424864511845399e+01 -6.930113961898985764e+00 4.097744615707758165e+00 -1.021293360945628059e+00 -1.021254627746021049e+00 -1.213813301151294821e+00
7.000000000000000000e+00 8.107842724948174009e+02 8.306730218617852657e+00 -3.763431268434615506e-01 7.994746584021996227e+00 -3.895952203142457049e-01 1.220904701925030755e+00 1.584241700937260300e-01 1.584183780193003932e-01 2.168941038233231478e+00
1.200000000000000000e+01 7.743603944418680385e+02 5.133069135533261385e-01 -2.539293766027636234e+00 1.751699726379257471e-01 -2.372493706836132255e+00 7.877829097596273922e-01 1.438957644543553127e-01 1.438958772229254612e-01 4.130205133269507778e-01
1.700000000000000000e+01 9.482910529816215330e+02 -4.770050746546674603e+00 8.710235499202676479e+00 -4.715785325415859930e+00 8.561702285839867699e+00 7.511369128596154798e-01 3.557608778311069538e-03 3.559507282889925843e-03 4.437972710640439855e-01
2.200000000000000000e+01 6.300421316757485783e+02 1.011029914949078234e+00 -5.225485977527116965e+00 8.376247963818250764e-01 -5.327616874417525850e+00 9.117971250013077178e-01 -4.191301853396330046e-02 -4.192397733310310876e-02 2.435070760761932074e-01
2.700000000000000000e+01 9.281697910653531380e+02 1.119431194131645313e+01 8.257292363711746574e+00 1.079408350636635916e+01 8.006802488939390727e+00 7.587452824462523893e-01 8.646708132730610008e-02 8.650945925310633833e-02 3.182366504552502362e-01
3.200000000000000000e+01 1.141497967563333987e+03 -1.744302233707824001e+00 7.404033687872850766e-01 -2.217598500528581873e+00 5.346202984785157764e-01 7.514087620979427173e-01 1.280840455516261134e-01 1.281844823272464962e-01 3.823410975128580525e-01
3.700000000000000000e+01 1.267516620309123255e+03 9.186000411573044033e+00 5.727820146995859396e+00 8.736363244347220558e+00 5.357670003983808549e+00 6.875018850158871597e-01 -1.586944970123090326e-01 -1.588240964673750255e-01 4.299097898165555875e-01
4.200000000000000000e+01 1.470705377028377598e+03 -3.795084424902717690e-01 -1.795443796234184874e-01 -7.606560821389937166e-01 -6.275842345643383169e-01 5.429784122775748179e-01 1.437855842015102470e-01 1.439456095904474431e-01 6.108343068296649969e-01
4.700000000000000000e+01 1.367931530852065862e+03 5.310582936959509226e+00 7.863179619409121912e+00 5.215115255667381433e+00 7.319481277050433832e+00 8.853740537243466324e-01 1.073477435619170084e-01 1.075169219119284508e-01 2.373774999474727865e-01
5.200000000000000000e+01 1.400380440884491009e+03 -5.519242838297381937e+00 2.349006392627121187e+00 -5.231802938422971394e+00 1.805418685541799295e+00 7.715736787015241571e-01 -3.771666180693088177e-02 -3.779506653753109818e-02 3.741524186639536009e-01
5.700000000000000000e+01 1.773362622733483931e+03 -9.872838655867310464e+00 2.464972684773046208e+00 -9.367766391169478624e+00 1.993318661384688495e+00 5.379084131066290686e-01 -2.612256364705765194e-02 -2.618273819696180851e-02 2.773593153104289000e-01
6.200000000000000000e+01 1.609053221954652372e+03 4.158084365866493437e-01 2.174032224828344351e+00 1.001701437575778675e+00 1.762780500102490766e+00 9.190169191644497193e-01 -3.525262211134358621e-03 -3.548927705439722160e-03 3.314981841631396420e-01
6.700000000000000000e+01 1.898754842256351594e+03 -5.734951904016847735e+00 4.527081712369477984e+00 -5.224351105253782102e+00 3.986871095650904806e+00 1.045554537798729422e+00 2.627735214769444166e-04 2.459374138940928272e-04 1.274583433072185579e-01
7.200000000000000000e+01 1.975492240259494793e+03 -6.957157241332637909e+00 6.928086634714057723e+00 -6.321279337305847790e+00 6.554366935350836698e+00 6.041965906403716779e-01 3.131779982082134872e-02 3.142576673109749585e-02 2.233126507713810160e-01
7.700000000000000000e+01 1.795953749004605243e+03 -6.347555358774570777e+00 -3.506622438808908448e+00 -5.575731685021468209e+00 -3.774779338799052475e+00 1.071070031859731042e+00 -2.239992701874960468e-01 -2.249025727896096782e-01 2.206577243122092025e-01
8.200000000000000000e+01 2.202848631444555849e+03 -4.861905908911217544e+00 1.101680228910502324e+00 -4.134466637737184591e+00 9.081773881412884553e-01 9.913088414053833342e-01 -2.530976546040077380e-01 -2.542968978977406813e-01 3.914610434410797923e-01
8.700000000000000000e+01 2.398633286340507311e+03 -3.392119707292005071e+00 4.934937007593681813e+00 -2.294826184649147116e+00 4.826867786797076398e+00 8.826324820464638288e-01 -5.756499383188773238e-03 -5.787636494260050939e-03 1.356934112484686761e-01
9.200000000000000000e+01 2.388691908295960275e+03 -1.311780121815685618e+01 -3.109929417690465492e+00 -1.151178171615236145e+01 -2.952747851051610528e+00 1.145027090200562814e+00 6.693118538041531104e-03 6.769917239321421483e-03 1.994657782794189982e-01
9.700000000000000000e+01 2.633619691029435216e+03 -2.516231790859634287e+01 -4.557279828083856899e+00 -2.262293048011346031e+01 -4.333292942241284251e+00 1.367295773751453947e+00 1.453093726193190049e-01 1.462587582822054144e-01 3.077110455332316974e-01
1.040000000000000000e+02 2.973456633404750846e+03 -2.752719356031392195e+01 3.798007519979707425e+00 -2.423459961793196626e+01 3.509004074324969302e+00 1.313838987230105282e+00 2.784860485040731304e-02 2.816962719014232813e-02 3.452913354217874153e-01
1.130000000000000000e+02 3.216882305271924452e+03 -3.435887348704520150e+01 7.331913006576488145e-01 -2.999336840217875277e+01 3.186732035028103094e-01 1.502250440676207832e+00 -7.582050975432139128e-02 -7.639883241350992060e-02 2.799104557825408679e-01
1.220000000000000000e+02 3.455025965908786475e+03 -3.476707217803288330e+01 3.044654690305196532e+00 -3.014248808711305117e+01 3.094174800658433977e+00 1.549582695648122010e+00 9.334355760510569533e-02 9.439898753855910374e-02 3.845497568012072320e-01
1.310000000000000000e+02 3.691163318533439906e+03 -3.982816954187956782e+01 -5.282888425824129541e+00 -3.504724412306458703e+01 -4.816091925840315646e+00 1.348268456765231882e+00 1.657431582101497047e-02 1.675989477061984312e-02 9.338680938724261416e-02
1.400000000000000000e+02 4.209955132363823395e+03 -4.266857741969636919e+01 -6.268043014679583358e+00 -3.748061508148811072e+01 -5.948630034885002971e+00 1.482020838301466803e+00 -5.543437287417560255e-02 -5.610723619937626333e-02 3.196556693729591947e-01
1.490000000000000000e+02 4.245081754410139183e+03 -4.255075907268211921e+01 -8.148721621316370456e-01 -3.733949780191480272e+01 -5.618701947831676868e-01 1.622994359787913510e+00 -6.759014896991465127e-02 -6.867380870398537285e-02 2.760209302413697552e-01
1.580000000000000000e+02 4.777061732805074826e+03 -4.743997015565050646e+01 3.215215997538076742e+00 -4.201907984635625581e+01 3.559408128708039687e+00 1.462765272184501697e+00 -5.307079258388074788e-02 -5.402688052982759781e-02 5.557240094099274996e-01
1.670000000000000000e+02 4.954597521008135118e+03 -3.318873196598964626e+01 -1.094732840682223518e+01 -2.855108045984538379e+01 -1.060831997978775476e+01 1.208140232846454776e+00 -4.485040589303175736e-03 -4.507013462032021835e-03 2.587922519791260867e-01
1.760000000000000000e+02 5.037335353110149299e+03 -3.979409778800945219e+01 -1.704086528856526284e-01 -3.597140703627930236e+01 1.117953030345120169e-02 1.175791619861908721e+00 -1.763641908177116802e-01 -1.800195851622859444e-01 5.280065599924170794e-01
1.850000000000000000e+02 5.317135429524952087e+03 -2.461560796467100332e+01 5.193911743634540557e+00 -2.156734992944257812e+01 4.922284763257874118e+00 1.090704409871922964e+00 -1.804244459032244285e-01 -1.844760654676268485e-01 1.929387130052769295e-01
1.940000000000000000e+02 5.453646363512650169e+03 -1.120531819786146599e+01 -7.209413307038244068e-02 -9.251189477902645564e+00 -4.704924017757249055e-02 9.367407834237417852e-01 -1.032928076314469507e-01 -1.057637498028674711e-01 1.022610698141730445e-01
2.030000000000000000e+02 5.566928930686660351e+03 -7.617320412137126517e+00 5.158608033630082801e+00 -6.780972011688674250e+00 5.125155619229435189e+00 1.431213193410662887e+00 -2.490782383649006726e-01 -2.560134528799026810e-01 6.422999198661648590e-01
2.120000000000000000e+02 5.788721860928440037e+03 -4.025096971090182052e+00 -1.100636243991295338e+00 -4.524426620807679100e+00 -1.228645439874961554e+00 1.432824026478759727e+00 -8.943079620297461618e-02 -9.200753645067430431e-02 4.730241459222301881e-01
2.210000000000000000e+02 5.999378743217455849e+03 2.292144176470087302e+01 -2.834667113088351176e+00 2.087053093435441653e+01 -2.812525432130509984e+00 8.207661358125144524e-01 -2.036906891736328662e-01 -2.097133258039520498e-01 4.655626627900060210e-01
2.300000000000000000e+02 5.675633556024145037e+03 3.357864635710173928e+01 5.288078194478442740e-01 2.987666867298137774e+01 3.687839129092450041e-01 1.700199563610356401e+00 6.094163624420342873e-02 6.344612237450651671e-02 3.035466727087127170e-01
2.390000000000000000e+02 5.853286348758761051e+03 5.845090655982543382e+01 8.381505337970698299e-01 5.354072279122313205e+01 1.055476533894449398e+00 2.123908269263408144e+00 6.364755328107479793e-02 6.664103266004531290e-02 2.779646116973878422e-01
2.480000000000000000e+02 5.513095825256081298e+03 5.984209617177602070e+01 -8.102768342983232230e+00 5.371271308710674930e+01 -7.968669551639049331e+00 2.551672410751113507e+00 1.572296159599024523e-01 1.638704153405638464e-01 -7.388107991522718798e-02
2.570000000000000000e+02 5.272231322907972753e+03 6.401676927570674991e+01 -3.796579736429196217e+00 5.745906841443916591e+01 -3.314770072888757912e+00 3.181426966649358423e+00 4.855507805898729434e-01 5.063701478512317999e-01 3.933585861466203371e-01
2.660000000000000000e+02 5.022494859850842658e+03 7.127982618713031115e+01 7.233408219010533990e+00 6.317184249519656447e+01 7.278742596015446154e+00 3.715679911965358073e+00 2.490309633213718676e-01 2.613410967903560533e-01 3.442599357462781118e-01
2.750000000000000000e+02 5.000614008451720110e+03 1.067507320873332048e+02 1.962510299615250364e+00 9.819638353146211784e+01 2.006683480869583036e+00 5.019685810640307722e+00 3.786172211111556996e-01 3.974917446214108474e-01 3.095613547071798810e-01
2.840000000000000000e+02 4.585514354372403432e+03 1.093197716192827755e+02 -8.247361549444605089e+00 9.964265534243278921e+01 -8.349518461639075184e+00 7.628639460991258225e+00 -4.491437019689478727e-01 -4.730835393161468283e-01 3.034660811315766926e-01
2.930000000000000000e+02 4.313867287160635897e+03 1.141405787445254560e+02 -1.747857386571303628e+00 1.042649187934012360e+02 -1.273141324961851284e+00 6.893812750241811393e+00 6.285399142937375672e-01 6.634149193759333318e-01 -2.697802128477105321e-01
3.020000000000000000e+02 3.943499114613199708e+03 1.179850904622024075e+02 -3.547247505382408850e+00 1.085046471376503092e+02 -3.300071174293119913e+00 9.458738796507621061e+00 -9.921914578809412633e-02 -1.044889013334413946e-01 5.966922520428243892e-01
3.110000000000000000e+02 3.618361028151644405e+03 1.197091471366179007e+02 -1.682039519833496533e+00 1.104613201662351969e+02 -1.571530962932093045e+00 9.673670881998322812e+00 1.097152758300430797e+00 1.165817190901202949e+00 7.057395003161359703e-01
3.200000000000000000e+02 3.379750333998112637e+03 1.036111124956871663e+02 -2.991032500133934846e+00 9.440960231118907586e+01 -3.007550008269818775e+00 1.281297532039687326e+01 7.302942608997944340e-01 7.793068829536721198e-01 -3.054089095168762476e-03
3.290000000000000000e+02 3.207773179938581961e+03 1.134367638531094258e+02 3.549357068980777186e+00 1.058433649518675566e+02 3.267076665990933826e+00 1.564826998803291502e+01 -2.700223134331212194e-01 -2.890281780397678801e-01 1.022035266925961139e+00
3.380000000000000000e+02 2.822200017463756922e+03 8.881337349652412172e+01 1.187812540864890920e+01 8.190122595870118971e+01 1.161584489638310203e+01 1.378291811441940062e+01 2.651526275524772672e-03 3.286490832442269180e-03 -1.384977015562087466e-01
3.470000000000000000e+02 2.480427467288484877e+03 8.237082763110223027e+01 5.620686095556952644e+00 7.648031598670557685e+01 4.844186233768501104e+00 1.754864414463692412e+01 -1.429189402925388486e-01 -1.540242289038759593e-01 7.403818443596937859e-02
3.560000000000000000e+02 2.369890233092788094e+03 8.298085483860802469e+01 1.092646890035971374e+01 7.834860551150390506e+01 1.058565600652737082e+01 1.994474249092943552e+01 1.204840005359545940e-01 1.308485342702522258e-01 -6.979890691815847370e-02
3.650000000000000000e+02 2.208252943332268842e+03 6.115159586312532980e+01 2.650882435840355988e+00 5.751240389116966867e+01 2.515193052452028510e+00 2.024777600242458675e+01 3.845530642040025371e-01 4.184338420973076067e-01 1.016351580783949826e+00
3.740000000000000000e+02 2.070387010774175906e+03 4.077819818303795074e+01 -6.668541221689248122e-01 3.774822893349938369e+01 -9.567900398426457675e-01 2.109531531502453916e+01 1.631722221775813442e-01 1.782093290772908400e-01 6.344676076847696744e-02
3.830000000000000000e+02 1.936720653820126017e+03 3.084225904622701364e+01 8.143630511551107176e+00 2.926853171802532216e+01 8.313733151255213727e+00 2.150867321767044871e+01 5.933118238542136602e-01 6.511591446818576490e-01 -5.748782031135165616e-01
3.920000000000000000e+02 1.798218700345638354e+03 1.495090810838836859e+01 -4.523374929922856502e+00 1.427956717517895768e+01 -4.970821073985810301e+00 2.204250527774647139e+01 7.544732240971956383e-01 8.300911565785042967e-01 -1.914011577383989637e+00
4.010000000000000000e+02 1.773567389920840469e+03 2.038565156419606339e+00 1.595084972237418741e+00 2.054703137959367876e+00 1.465245977292347845e+00 2.213662068473234967e+01 -4.362068223043991111e-01 -4.814703305859693305e-01 3.932572553387201353e-01
4.100000000000000000e+02 1.733822911079485038e+03 -1.821811493881826394e+01 5.728861247871738449e+00 -1.754024179429193353e+01 5.772170103143269060e+00 2.244206840431714411e+01 -6.409928571499624583e-01 -7.125001420753981352e-01 -5.273428201627988754e-01
4.190000000000000000e+02 1.764530005892650479e+03 -3.542599276713755785e+01 1.919768976453887888e+00 -3.432237945321023886e+01 1.882469429822896556e+00 2.053404161172171527e+01 2.343134185701962746e+00 2.609692112428400268e+00 -6.257372700214110413e-03
4.280000000000000000e+02 1.801868858542918815e+03 -5.173316505088511974e+01 -8.008940174830346592e+00 -5.071634456407613811e+01 -8.419936199847510849e+00 2.067071739297290023e+01 1.137125616659836247e+00 1.271707986139940960e+00 7.134896548400545546e-01
4.370000000000000000e+02 1.789105193426980804e+03 -5.188492893591430288e+01 2.543305852490956198e+00 -5.018085304319415485e+01 3.176426158074276973e+00 2.101528879802133076e+01 -1.696683407113188935e-01 -1.925757955132965660e-01 2.583374696730169617e-01
4.460000000000000000e+02 1.902341909518524744e+03 -5.844235484709348327e+01 1.033843779113931438e+00 -5.645513739165561873e+01 1.051642083510268000e+00 1.455768790896706832e+01 5.156185928099003002e-01 5.792584145896005898e-01 9.464984354770207553e-02
4.550000000000000000e+02 2.069031289165488488e+03 -7.627390402541323056e+01 -4.346554932789242209e-01 -7.512392986992126964e+01 -9.266473053175001695e-01 1.756750555753463772e+01 2.751967231731967445e+00 3.125473910467381433e+00 6.643852557227133415e-01
4.640000000000000000e+02 2.222096262846709124e+03 -8.847293388294565375e+01 2.379201952744127269e+00 -8.790247232167388347e+01 2.142324712133541809e+00 1.546391673865660188e+01 -7.866581502411540416e-01 -8.949452594357758528e-01 -1.008384695778510753e+00
4.730000000000000000e+02 2.229652912419915992e+03 -7.902406468320894817e+01 7.261221950101547584e+00 -7.788605052787879401e+01 7.497244174524963611e+00 1.445267660350589622e+01 1.234040550519207802e+00 1.414495613927102546e+00 8.966516563468093781e-02
4.820000000000000000e+02 2.304365384570237438e+03 -8.050269265282396702e+01 1.640786077671743781e+00 -8.107518841033038370e+01 1.512394608229980397e+00 1.180867128592179327e+01 -1.557850590604458851e+00 -1.797269535145660901e+00 9.799983489041628332e-03
4.910000000000000000e+02 2.412413033836870000e+03 -6.653826693795990366e+01 -1.818078855295642615e+00 -6.630684689979491964e+01 -2.281476416274259122e+00 1.107821218705208466e+01 2.868200766008479619e+00 3.324161738985895287e+00 7.441576285706595906e-01
5.000000000000000000e+02 2.462403252978941964e+03 -6.132331500349068421e+01 3.320289558128518781e+00 -6.225483056644733892e+01 4.228520167449596023e+00 9.129795893178149768e+00 -2.597149594125419680e-01 -2.980787291413551920e-01 7.349536793401567625e-01
5.090000000000000000e+02 2.631540951037403829e+03 -3.194848395932531915e+01 -9.857052320918661126e-01 -2.996523887080051551e+01 -6.027262605088475889e-01 7.676759562203780973e+00 -1.882672507433206910e+00 -2.203014691653337742e+00 -2.834130078111169460e-01
5.180000000000000000e+02 2.595173769439561056e+03 -5.957981575218335024e+01 -6.976845393722894251e+00 -6.315791283571169146e+01 -7.555376131174089238e+00 8.125120241447948644e+00 5.615110955645866153e-02 6.235942774473427624e-02 5.206097835461725998e-01
5.270000000000000000e+02 2.626386028822342269e+03 -1.432835528994280594e+01 -7.365041583513654899e+00 -1.304985259595003910e+01 -8.090064615803248316e+00 6.167744465142169119e+00 -1.407992375419570230e+00 -1.667473484221970059e+00 -6.286711977812559082e-01
5.360000000000000000e+02 2.541604407617191555e+03 -1.885874066791862091e+01 4.100807315305353917e+00 -2.065961651701298862e+01 4.612750838891930272e+00 5.391336304353003150e+00 -5.555671251157998647e-01 -6.632810778000328700e-01 -8.236027935167364866e-01
5.450000000000000000e+02 2.508688255291543555e+03 1.086523333167376570e+01 2.930089991693113571e+00 1.290831399025219994e+01 3.527852473865714433e+00 8.781766285771221092e+00 7.916211762191898149e-01 9.405175649930840320e-01 1.459741244284388451e+00
5.540000000000000000e+02 2.584344417325149152e+03 -3.247901189697137259e+00 -9.451641182037317179e+00 -4.200664889279956071e+00 -1.051407984044571364e+01 8.636154932963238551e+00 -2.614666489310011888e-01 -3.137674029147221599e-01 4.824461874192655930e-01
5.630000000000000000e+02 2.572678545337418655e+03 8.528661291774188413e+00 -1.411644737221536605e+00 8.966797681902541228e+00 -1.402795117084180587e+00 1.026385899865777951e+01 -3.384808244330384519e-01 -4.112320880608838491e-01 -7.410099866460290174e-01
5.720000000000000000e+02 2.430827298035657805e+03 1.680178118370879758e+01 1.087368436644575631e+01 1.784253397378651229e+01 1.243385829708209478e+01 1.218938380340279615e+01 -3.876948443867871408e-01 -4.747375482271404268e-01 -1.345873656572411203e+00
5.810000000000000000e+02 2.405706751393161539e+03 1.889677365274082632e+01 -2.399230657213027862e-01 1.969018275748167213e+01 -1.111466816380751066e+00 1.511682368187799597e+01 -6.255074886904959941e-01 -7.699126952356065701e-01 -2.974228128437939045e-01
5.900000000000000000e+02 2.399667352315479548e+03 3.305680028755185162e+01 1.031018979404863067e+01 3.619424241486744620e+01 1.126643538269604328e+01 1.380081753885280271e+01 3.115798664970773069e-01 3.867040559056150184e-01 2.377672406367506763e+00
5.990000000000000000e+02 2.261867769945037253e+03 2.429455600186111042e+01 4.722380825344288269e+00 2.514915041668663065e+01 4.776635944054924643e+00 1.746416219210690457e+01 -1.395353880750437210e-02 -1.544539530162358787e-02 5.324480877936451639e-01
6.080000000000000000e+02 2.160230328020255911e+03 3.726748040810590368e+01 6.365345266250923117e+00 4.134319022393700038e+01 7.239202440452945808e+00 2.517751886127228644e+01 1.783054034248156006e-01 2.246485146604908500e-01 -1.348901301624972460e+00
6.170000000000000000e+02 2.159740059003650913e+03 2.685979297645810959e+01 5.410765842430770967e+00 2.928002378837107500e+01 5.831956604656144627e+00 2.661132377037507979e+01 2.033517248953318202e+00 2.552966983368103016e+00 -1.739308165848628684e+00
6.260000000000000000e+02 1.972485582066998631e+03 1.119880310981608851e+01 1.988846506449024609e+00 1.115096084409546329e+01 1.769925066385278800e+00 2.524352751394866345e+01 -1.985554026522733162e+00 -2.514083944501796175e+00 -3.860449318835111887e-01
6.350000000000000000e+02 1.988715459702647195e+03 1.662411032773118080e+01 3.877112153335578792e+00 1.860600025442136385e+01 4.728082123508659862e+00 2.796765118589352994e+01 -8.311824388207813552e-01 -1.062089271031622983e+00 1.618397334554351419e+00
6.440000000000000000e+02 1.870092119145022707e+03 5.050746409830034978e+00 5.640827326161516275e+00 5.799393098215791298e+00 6.828999736958146549e+00 3.322365022179980087e+01 -1.969718162607708045e+00 -2.528981400593512952e+00 1.110707459428281196e-01
6.530000000000000000e+02 1.864531655571963029e+03 -1.658792914081816861e+01 -1.054228128846246193e+01 -1.831401569348955505e+01 -1.363496021725977236e+01 3.253434646357953142e+01 1.753187464625585168e+00 2.267473507672355115e+00 1.227084020857327706e+00
6.620000000000000000e+02 1.893159813128206451e+03 -3.137542240211979561e+01 1.106285871641174623e+01 -3.482277376936956870e+01 1.354065588204014148e+01 4.054097139354819035e+01 2.506310660156675585e+00 3.271014493977556281e+00 8.130966168026023677e-01
6.710000000000000000e+02 1.815136701073666700e+03 -4.921296553535190554e+01 1.374419892152052824e+01 -5.561038203660588408e+01 1.680738621342576877e+01 3.311309007843977525e+01 -6.654551278472834452e-01 -8.585263316449710524e-01 1.201884555938834032e+00
6.800000000000000000e+02 1.768358424955085638e+03 -6.471888952376504278e+01 -9.242868896181660077e+00 -7.363177880592708391e+01 -1.192526783867985962e+01 3.691222530974553706e+01 8.091548413620235358e-01 1.066180195184150525e+00 -1.604905889308456901e+00
6.890000000000000000e+02 1.847231209086598938e+03 -8.171829306553996730e+01 -1.019748703874408946e+01 -9.408422618350677169e+01 -1.255770651044023190e+01 3.489506522965184843e+01 1.610344423198579511e+00 2.143068287148697237e+00 2.711536883201617343e+00
6.980000000000000000e+02 1.892612390036138095e+03 -1.002405911490760531e+02 4.045291244535476061e+00 -1.171023457759735464e+02 6.211907062147131064e+00 4.145472660129279063e+01 -4.161574970232784665e+00 -5.579475013940742301e+00 3.832072208884060860e-01
7.070000000000000000e+02 1.945972485890610415e+03 -9.037842087946464176e+01 -1.182452101614305384e+01 -1.036239086835935410e+02 -1.480476116998978142e+01 3.526642281776656773e+01 4.923679653306286541e-01 6.502246751793772095e-01 1.519787000307632363e+00
7.160000000000000000e+02 1.956416192523947529e+03 -1.229185510667082326e+02 5.553276300778059671e+00 -1.454674883627277495e+02 7.337700160621308143e+00 3.574982029806996309e+01 2.887290619577838058e+00 3.918687190187000624e+00 6.200894979076969626e-01
7.250000000000000000e+02 2.020184471343491168e+03 -1.224607673317572960e+02 7.831036152441181564e+00 -1.447996593998683466e+02 9.686851868872709659e+00 2.683564051698277098e+01 6.884546989588515853e-01 9.386208269533958815e-01 1.269330589822167177e+00
7.340000000000000000e+02 2.058438079920836572e+03 -1.230140455910437254e+02 -1.159799900064946065e+01 -1.464957273025717370e+02 -1.470406104809144487e+01 3.349680558197076152e+01 -4.897973407135789992e-01 -6.707076392884090410e-01 3.477129250079083800e+00
7.430000000000000000e+02 2.206916427052011841e+03 -1.304172697963587382e+02 -1.274579038083510163e+01 -1.569382705521008177e+02 -1.511555036635028415e+01 2.782122186296017219e+01 4.439420993530566406e+00 6.162934238940633414e+00 -4.012746465785059335e+00
7.520000000000000000e+02 2.265738307427602194e+03 -1.286570990757741413e+02 -1.364207843786487295e+01 -1.562240888397275285e+02 -1.745093777950134140e+01 2.791945682186708666e+01 2.811462120765933825e+00 3.925056751746097028e+00 4.181287136650456482e+00
7.610000000000000000e+02 2.335226169463678616e+03 -1.190047480397293640e+02 8.938892543428311299e+00 -1.442350288341754379e+02 1.268389044318550418e+01 2.600669996182675447e+01 1.183264197489766412e+00 1.669120820285401541e+00 1.910701626668245279e+00
7.700000000000000000e+02 2.365110724909706278e+03 -1.216003558883958817e+02 -1.591047440779478528e+01 -1.500792557242517660e+02 -2.108928022883480935e+01 2.147226230906283462e+01 1.408966437079316014e+00 1.997831593604566969e+00 -6.270768810004997418e-01
7.790000000000000000e+02 2.350580370315752589e+03 -1.069511954602100019e+02 -7.996997129116127923e+00 -1.309589453344441097e+02 -9.774840659338494220e+00 1.742047403838158459e+01 -3.882897841953262819e-01 -5.529899976234078363e-01 -2.958158626646329448e-01
7.880000000000000000e+02 2.494865962508937628e+03 -1.222834145054089561e+02 -5.263588845934243032e+00 -1.548741069161683299e+02 -6.951416141294842532e+00 2.307587257946638815e+01 -4.855321964501608245e-01 -7.103454604756074264e-01 -3.912678907719182586e-01
7.970000000000000000e+02 2.446240349332852020e+03 -9.164239790935681640e+01 9.496527943788500181e+00 -1.147346714312630951e+02 1.324059349994953649e+01 1.582418191420609688e+01 1.327475651825214542e-01 1.784244960625395726e-01 -2.782930226801854534e+00
8.060000000000000000e+02 2.507619987959771606e+03 -8.282595611606762986e+01 6.879508091130881908e+00 -1.054777560654562905e+02 9.945102297629528465e+00 1.458199197138315206e+01 3.792088628579524556e+00 5.582902199979529634e+00 -5.430594418691904179e-01
8.150000000000000000e+02 2.605397785441679844e+03 -6.780858174355074652e+01 -2.679795415944117565e+01 -8.677815933370484913e+01 -3.742465296344322923e+01 1.176767765122946408e+01 -9.049607888278126122e-01 -1.336598450200268351e+00 -1.684572710860491762e+00
8.240000000000000000e+02 2.538145217756224156e+03 -5.423464387892306604e+01 6.676995272158934291e+00 -7.113595716859704510e+01 9.986792685517489332e+00 9.401265629865202200e+00 5.939878446213709973e-01 9.018844505182794791e-01 -1.391818375417303910e+00
8.330000000000000000e+02 2.528795307011927434e+03 -2.624257336272545515e+01 6.941266906046478447e+00 -3.270229684337184040e+01 9.588811291146514648e+00 1.080756005132201381e+01 3.089515329634512919e-01 4.709850418385792548e-01 -1.283083872582525542e-01
8.420000000000000000e+02 2.532474887564957953e+03 -9.110373719301655626e+00 -1.839816256089261276e-02 -1.097272079670310774e+01 -9.600745688875886863e-01 1.585487400839744154e+01 -4.279092946784213147e+00 -6.511861396668052748e+00 1.260705072553765627e+00
8.510000000000000000e+02 2.376367869328752477e+03 -6.057237856615215854e+00 1.819297619307637603e+01 -9.038701675164690030e+00 2.655316620023199548e+01 8.305847768317038415e+00 2.250966829417468063e+00 3.452408521584008128e+00 1.626848449455186252e+00
8.600000000000000000e+02 2.360131201158211297e+03 1.380204271891101975e+01 -1.408675097223182249e+01 1.825545325264918617e+01 -2.127356544666160687e+01 1.330664944938463812e+01 -3.998456171501404643e+00 -6.201786702758951719e+00 1.382081698106926382e+00
8.690000000000000000e+02 2.300713265753416636e+03 3.584726720840923520e+01 6.810410445238280097e+00 4.875766695438486664e+01 1.027220973505981050e+01 1.713874544358019847e+01 5.297159015853408093e+00 8.287647459787667259e+00 -4.182642326008492173e-01
8.780000000000000000e+02 2.189475812493242302e+03 3.784286827614644722e+01 -2.067604373469548396e+00 5.139235662628348678e+01 -4.239815349858001348e+00 1.853701120288558002e+01 -7.174534131996513908e-01 -1.116776298286976665e+00 -3.653496040900098496e+00
8.870000000000000000e+02 2.096644650729043860e+03 5.629030738918087451e+01 -2.036979620461528029e+00 7.843343568850781367e+01 -3.183056365671339982e+00 2.076378244156056496e+01 -3.539900569260317376e+00 -5.663566515525908507e+00 5.238988109084827371e+00
8.960000000000000000e+02 1.973146911369267627e+03 5.662712742389498288e+01 7.349862771025751584e+00 7.824625015342380152e+01 1.198832119788426454e+01 2.699412707564894376e+01 -7.535797604704723707e-01 -1.210501998677762536e+00 -3.716102957689860542e+00
9.050000000000000000e+02 1.853306900252862988e+03 5.735224388048096955e+01 -7.216351003947019116e+00 7.955392880696128088e+01 -1.118340367639386379e+01 2.144547422207722320e+01 -3.796152762439932715e-01 -6.275280517934719304e-01 -1.587767021847247551e-01
9.140000000000000000e+02 1.779090062495625261e+03 7.338613245594565626e+01 -3.247496561399487724e+00 1.066543922614186357e+02 -5.255055074155124295e+00 2.961182995561812703e+01 -5.785018387653932948e+00 -9.475048294613186428e+00 -3.318143618642293902e+00
9.230000000000000000e+02 1.627233404928709660e+03 4.601307250468678944e+01 8.065553546010578501e+00 6.406201416263833437e+01 1.313525391558665767e+01 2.512092894924993303e+01 -4.965100135832162920e+00 -8.192532779232422513e+00 -2.441366805714729082e+00
9.320000000000000000e+02 1.586561792037139185e+03 5.404957021582312393e+01 1.180951320993025577e+00 7.785022878835710003e+01 1.650226860592353129e+00 2.713974328384043844e+01 3.681824987686547201e-01 6.120227193127057985e-01 4.739404730509446217e+00
9.410000000000000000e+02 1.457389086232699128e+03 5.103942391052108007e+01 4.076881132279337017e+00 7.436997186080378697e+01 5.730082768908378199e+00 3.947382004037595493e+01 -1.928808223551529144e+00 -3.237051891431004247e+00 -6.075001996870460497e-01
9.500000000000000000e+02 1.362117606932838953e+03 4.754528361858842800e+01 5.321560946273020676e+00 7.051343579230395164e+01 8.160623178049652537e+00 3.015811236830926845e+01 -4.247809867337429823e-01 -7.633395920374373977e-01 -2.062415876896494638e+00
9.590000000000000000e+02 1.296500312569205789e+03 3.138099099316154295e+01 9.705524190953857655e+00 4.677287004283873983e+01 1.494556166301511091e+01 3.836356832330262279e+01 -4.004531610100848127e+00 -6.895865012193827859e+00 -1.226505763537260485e+00
9.680000000000000000e+02 1.255226325765475167e+03 1.229759559337390051e+01 4.026922182304729647e-01 1.725105041736976119e+01 -9.391971841722224212e-01 3.813588704401929874e+01 9.176837476385991010e+00 1.599304818159917119e+01 -1.653422521677836654e+00
9.770000000000000000e+02 1.146176290851670501e+03 2.547627473165715628e+01 1.386524046130134735e+01 4.043002988292553823e+01 2.227846747142137573e+01 4.371853128943860867e+01 4.185541468798770204e+00 7.334472364667234956e+00 -1.916707688380526187e-01
9.860000000000000000e+02 1.132942659120480585e+03 -6.055812067046257852e+00 4.177907228782689941e+00 -1.104372257003506341e+01 6.408285245246926110e+00 3.544259793881014531e+01 4.410788162371147791e+00 7.845792696921437326e+00 -8.022385557993061411e-04
9.950000000000000000e+02 1.097177282663688402e+03 2.109333720253840916e+00 3.526695648736742239e+00 6.174792087712999589e+00 5.201660183213264510e+00 3.758895989825811057e+01 4.345499570060947114e+00 7.825930153244867071e+00 -2.763115546842896286e+00
1.004000000000000000e+03 1.043029322373191235e+03 -4.200863683384911695e+01 3.574389755921982381e+00 -6.811454144384509846e+01 6.117901659958199900e+00 3.649241478331222766e+01 -3.883302789351008588e+00 -6.979860372576567329e+00 7.441481003511090542e+00
1.013000000000000000e+03 1.110925176965815353e+03 -3.840869264810956452e+01 -1.697309203423578339e+01 -5.998205811103467511e+01 -2.917209346605302756e+01 4.424843625376853140e+01 -2.394753516683617800e+00 -4.349033192446845497e+00 4.344814394282769499e+00
1.022000000000000000e+03 1.066675567764184734e+03 -4.917653638353348100e+01 -1.195043283561257219e+00 -7.841332930196061568e+01 -1.046377354931391057e+00 4.680213077398656196e+01 -8.038116284367488262e+00 -1.482107210700554667e+01 -2.294759106710499985e+00
1.031000000000000000e+03 1.053726923375693332e+03 -6.051788359700223197e+01 -7.670339607040094876e+00 -9.875428056127201160e+01 -1.166985082504930027e+01 3.805836554690787921e+01 6.319571623199675692e-01 1.160313798615602687e+00 -1.984701032842489665e+00
1.040000000000000000e+03 1.074014652707362075e+03 -6.189464408849981680e+01 -1.108662466134929225e+01 -1.010135487164629637e+02 -1.818757010263894713e+01 4.059318163628785925e+01 3.081407054593208628e+00 5.807731958519689819e+00 2.336715301612563245e+00
1.049000000000000000e+03 1.113019286166872917e+03 -6.378314054010544965e+01 -4.659104944091181366e+00 -1.035103086443574085e+02 -8.353546853205294553e+00 3.881526832948897976e+01 -4.157185464499750793e+00 -7.961798520203242191e+00 8.681613852921870489e+00
1.058000000000000000e+03 1.156823936692275083e+03 -8.237418567158914584e+01 2.291424171938468479e+00 -1.389313497919142719e+02 4.496475592498828888e+00 3.530889475108722309e+01 -1.794446647126415995e+00 -3.465594562203799800e+00 6.469619995494642062e+00
1.067000000000000000e+03 1.142569327565660387e+03 -6.625146311147904044e+01 -3.135559576982741348e+00 -1.095153515746179949e+02 -5.243667743661026392e+00 2.710769454037655990e+01 7.550570130680777758e+00 1.474043253337140413e+01 -4.416784559466846893e+00
1.076000000000000000e+03 1.172064735403038640e+03 -9.043633410699811748e+01 -1.341895322864719198e+01 -1.570605227082499766e+02 -2.426619005932554529e+01 2.809428737502910423e+01 -1.162956619045759643e+00 -2.306510172317160823e+00 7.471834796332880835e+00
1.085000000000000000e+03 1.244648363042443634e+03 -7.629568681106358952e+01 -1.755319879321066479e+00 -1.308394473752138651e+02 -1.901406674279289444e+00 2.984895861000680028e+01 -7.832351208023376365e+00 -1.564181359230562762e+01 -5.135859325507521334e+00
1.094000000000000000e+03 1.243753115188981155e+03 -7.588425027879105755e+01 -2.164577099233334856e+00 -1.319890153921104172e+02 -3.505668837306830099e+00 2.449544754384658773e+01 6.166460043766382348e+00 1.245915053140595141e+01 6.213570580222469886e+00
1.103000000000000000e+03 1.233645471214264035e+03 -7.724444761043660890e+01 -3.291407939083581979e+00 -1.372920028555400052e+02 -5.559619971073048283e+00 1.416689894853963239e+01 -3.835775630893113242e+00 -7.816761070525728883e+00 -4.243811538378135850e+00
1.112000000000000000e+03 1.227742394063466918e+03 -5.581281313335793470e+01 -7.465279065362358857e+00 -9.923750429923968852e+01 -1.338742309433758848e+01 1.586715719974172778e+01 4.610354175383010400e+00 9.524988037325506696e+00 8.535715789272895648e+00
1.121000000000000000e+03 1.267078761162040337e+03 -4.154752567775745575e+01 2.111313986093763972e+00 -7.394847072238667351e+01 5.739823525443857655e+00 1.631751175158764156e+01 -1.580240615376461710e-02 -1.801128022891320887e-02 -7.861386397453486552e+00
1.130000000000000000e+03 1.257258874306227881e+03 -3.420847924414777452e+01 -2.210102533077878562e+01 -5.968642904731535026e+01 -4.214577484247517702e+01 6.820312337430168625e+00 2.039694976339121979e+01 4.316840194444266388e+01 6.029214853404477603e-01
1.139000000000000000e+03 1.236100978552207380e+03 -5.059016941713232995e+01 -2.322816127216655957e+01 -9.620107517818627230e+01 -4.421019949508094271e+01 1.954566070858321325e+01 5.613230340296883725e+00 1.198730703232192951e+01 -4.470412558842709494e+00
1.148000000000000000e+03 1.245222673219153194e+03 -2.833829736040830483e+01 -1.082576618860734641e+01 -5.282693452331031381e+01 -2.121184500819109431e+01 2.674903239574377878e+01 -1.098852825344154382e+01 -2.377794997716238257e+01 -2.486502624723447852e+00
1.157000000000000000e+03 1.240879124309909230e+03 -2.506560094974637920e+01 1.249966480857135487e+01 -4.724005526500302210e+01 2.566295935300427189e+01 2.500508048469090738e+01 -8.774313176446225659e-01 -1.964157924964065272e+00 -6.961431705721557783e+00
1.166000000000000000e+03 1.186916344360565745e+03 -2.710983912011144170e+01 7.012287969489483075e+00 -5.355161617253516937e+01 1.287665467915863005e+01 1.877002991009009492e+01 2.791690530077822530e+00 6.197495983720167523e+00 -1.308830446362393651e+00
1.175000000000000000e+03 1.176245104303970493e+03 -1.784350888901911070e+00 4.227703966613666431e+00 -2.183269803290825539e+00 8.168721914948129381e+00 7.347531234118065413e+00 -8.469682654397251431e-01 -1.854616780055909242e+00 6.675950995760816298e+00
1.184000000000000000e+03 1.169620427950388148e+03 1.896036885728064503e+00 1.169577662700084808e+01 5.240928974645194138e+00 2.498048230457797914e+01 1.267174405052162989e+01 -6.820918303938167782e+00 -1.558223332166391728e+01 -1.328342630089898391e+00
1.193000000000000000e+03 1.104944471190283139e+03 -5.237873576351069760e-01 -1.354959825844600196e+01 -1.057227501503730460e+00 -3.080305735550187762e+01 1.926848275163403912e+01 4.278915464856101636e+00 9.851270263800294913e+00 5.576445997686452216e+00
1.202000000000000000e+03 1.035312654056499014e+03 1.988176931644706658e+00 2.142892103995972874e+01 4.068909018312717230e+00 4.709861448305986187e+01 2.577549538033654031e+01 2.324706065050463621e-01 5.127172666345809482e-01 -4.012480017983902414e+00
1.211000000000000000e+03 1.006809070802405245e+03 -7.691143808925693381e-01 2.018069033788564504e+00 -4.434640495002582838e+00 2.871923867296934496e+00 2.454015271434741052e+01 -5.982039317527129141e-01 -1.353777824664230911e+00 4.559630453530384209e+00
1.220000000000000000e+03 9.941427829809787227e+02 2.301700249796900266e+01 -7.722791166340694957e+00 5.156717308929749066e+01 -1.659841867808707150e+01 5.406476714343554590e+00 -8.521264345942035356e-02 -2.950787660462421136e-01 -1.036077262598792359e+01
1.229000000000000000e+03 9.258780732288713580e+02 7.985422102288471713e+00 -1.080067157108701537e+01 1.759824804794828168e+01 -2.295991659209824221e+01 1.644261182194578907e+01 -1.260340431191264443e+01 -3.045565970592436145e+01 3.659075589615882862e+00
1.238000000000000000e+03 9.216446534871821541e+02 -8.749929085228206560e+00 -5.456786986316179089e+00 -2.154011664970264661e+01 -1.163018114179817708e+01 2.472350850038272441e+01 -1.300307239455429453e+01 -3.194443769939332967e+01 -1.822727209595329079e+00
1.247000000000000000e+03 8.732743635224708214e+02 8.638819596702838055e+00 -5.323125228148271049e+00 2.044942487453274893e+01 -1.341013287702529944e+01 2.356656170887029944e+01 3.355944936353187025e+00 8.310954534299998642e+00 1.353789353653245975e+01
1.256000000000000000e+03 8.210132801600607309e+02 -6.446583917635903660e+00 1.183444363117104103e+01 -1.453891753334976578e+01 2.833575366163627507e+01 2.692057219897378673e+01 -1.015241497440671203e+01 -2.546167374993846622e+01 1.258580107602743325e+01
1.265000000000000000e+03 8.069435868188581935e+02 -2.271800117502380090e+01 4.681176874714779168e-01 -5.286263168581632499e+01 1.075311804013647343e+00 4.062679048386549852e+01 -4.617469817714096036e-01 -1.217958933987192127e+00 -3.968315773670362923e+00
1.274000000000000000e+03 7.877383238672284733e+02 -3.305324968851967249e+00 4.421293074411516422e+00 -4.315957380265884602e+00 1.127509901287966976e+01 3.732801289101657005e+01 6.908726230016301706e+00 1.779119932887411792e+01 -1.006167996695742239e+01
1.283000000000000000e+03 7.669396907025311521e+02 -1.365909520760718010e+01 3.396208528332912202e+00 -2.983938710251185711e+01 7.416577854045931950e+00 2.290738665785377393e+01 -3.950894219792598694e+00 -1.049965876796330555e+01 -1.320267038639895141e+00
1.292000000000000000e+03 7.866231745825981534e+02 -3.911448162723087307e+01 8.798889582706035384e+00 -9.254951107576425784e+01 2.013660469737846270e+01 3.711396683091811610e+01 -2.953329327411005067e+00 -7.857847838188403600e+00 -1.481946551268062073e+01
1.301000000000000000e+03 7.542999384948290071e+02 -2.540655886980333023e+01 -6.034224446923555973e+00 -5.559552622177186976e+01 -1.626153246094543192e+01 2.968299956954523822e+01 1.450780511774514281e+00 3.697169951557583545e+00 9.503795999428003682e+00
1.310000000000000000e+03 7.231021477901953176e+02 -5.247077900091145608e+01 3.065797705094984948e+00 -1.269383199631328694e+02 8.745277987672018583e+00 3.290418825188042717e+01 6.605167365070727215e+00 1.797976600627568189e+01 1.024015765974069936e+01
1.319000000000000000e+03 7.430110249649874277e+02 -3.138824820143383931e+01 4.474877541849056506e+00 -7.056029775506694079e+01 1.071318792707267242e+01 4.177720268627254541e+01 -1.174296014210935724e+01 -3.252011049009852428e+01 -1.943113108606154071e+01
1.328000000000000000e+03 7.459110577458211537e+02 -5.294218557793816160e+01 5.035838279051358057e+00 -1.290181734990360098e+02 1.165864739479300027e+01 3.546421896074600255e+01 1.185596156664420597e+01 3.302264645371701590e+01 5.620742232080336187e+00
1.337000000000000000e+03 7.810300779093612391e+02 -5.152352333652793703e+01 8.630769933282717687e+00 -1.269052748899909062e+02 2.296085769578701274e+01 2.683871323904942585e+01 -8.147259149323307525e+00 -2.303304664783982503e+01 2.103384181444884504e+01
1.346000000000000000e+03 7.539188341034119958e+02 -5.045759538038156933e+01 -8.541257714509983501e+00 -1.247705513408974269e+02 -2.410494584736073520e+01 7.390787153734060588e+00 -9.716195127763336714e+00 -2.800019437338037420e+01 -1.509832276922532801e-01
1.355000000000000000e+03 7.909104247696038783e+02 -6.766057435380587037e+01 1.698525757501743394e+00 -1.730964068833604301e+02 6.241942341798003113e+00 3.150049375174191013e+01 -2.998334212447169378e+01 -8.748605700758940884e+01 2.381874106757048537e+01
1.364000000000000000e+03 8.037938583037358740e+02 -5.285322878424014448e+01 -1.181372006842136813e+01 -1.351063445799217675e+02 -3.100397172428426273e+01 2.828428036494759112e+01 5.686902136156252396e+00 1.682623537077473230e+01 1.004671906164076667e+01
1.373000000000000000e+03 7.905667654480187139e+02 -3.579183451402569460e+01 -8.336758447135776962e+00 -8.845103672532722783e+01 -2.235674760978902498e+01 1.601346849648467341e+01 -5.607090577344836291e+00 -1.682092610649696240e+01 7.004745507039859653e+00
1.382000000000000000e+03 7.959657882399301343e+02 -4.999889412006496769e+01 4.248846932976653612e+00 -1.303666936300274415e+02 1.158493951471626993e+01 2.346484112351640050e+01 -9.364946454568277900e+00 -2.868180951353983588e+01 -1.747765530369170506e+01
1.391000000000000000e+03 8.308005895182292306e+02 -6.124567470914033152e+01 5.766103624754756574e+00 -1.651170513341377557e+02 1.755493053434027928e+01 2.299833008108156562e+01 1.090576951447098963e+01 3.360669642931516421e+01 -3.621114773714065649e+01
1.400000000000000000e+03 8.549550999007233258e+02 -5.485051826726547830e+01 -1.532385141512846438e+01 -1.449219560444356603e+02 -4.475469672748388916e+01 2.945312429113386088e+01 1.967353100977024738e+01 6.174268421082157943e+01 -1.968628991953919893e+01
1.409000000000000000e+03 8.430685424801777117e+02 -7.061070004879053386e+01 -9.675606444747124613e+00 -1.974465240387506810e+02 -2.963580807201032030e+01 -6.142216127999327924e+00 -1.591277209488301736e+01 -5.045816876592346034e+01 -4.021119687949621380e+00
1.418000000000000000e+03 8.375422238897808711e+02 -4.210034761510196688e+01 2.972874547018606606e+01 -1.149224434330416784e+02 9.261913971067926354e+01 1.062608464935592600e+01 1.747932010394632840e+01 5.652884208882570505e+01 1.386250795668274627e+01
1.427000000000000000e+03 8.159502570162977690e+02 -3.674290445180146492e+01 -1.285857857879982546e+01 -1.031661062946749894e+02 -4.578661592586582429e+01 3.418507785361185825e+01 -8.302880351405431014e+00 -2.717315199728709629e+01 8.944570505046525177e-01
1.436000000000000000e+03 8.342819304563581682e+02 -3.360025644640879250e+01 2.385784675290232570e+01 -9.607379855373420696e+01 7.612618220647334510e+01 1.214503763176254125e+01 -1.199604589366917295e+01 -4.002966276521406996e+01 2.547115755077486199e+01
1.445000000000000000e+03 8.100599442021781442e+02 -3.698739717989107589e+01 -1.260626264022377896e+01 -1.091516103435120471e+02 -4.224641523925078701e+01 1.282222704659482559e+01 5.178493927303295052e+00 1.771457808722968608e+01 -6.387493111422399394e+00
1.454000000000000000e+03 8.071609422808969612e+02 -3.657470229856502897e+01 1.140988933892119128e+01 -1.083408262246464915e+02 3.530217306903380603e+01 8.022274769787873794e+00 -1.557436903444829923e+01 -5.328038398638516782e+01 -2.586666585373732730e+00
1.463000000000000000e+03 7.917389386473479362e+02 -4.194422848412966687e+01 1.119517796970984191e+00 -1.280769110953997370e+02 1.398711677615897875e+00 2.171159520711233881e+01 -1.131135948002800440e+01 -3.946305744117893965e+01 3.280790600709693194e-01
1.472000000000000000e+03 7.792151903351377769e+02 -2.284800394388345168e+01 1.231957281554470640e+01 -6.745141478996841045e+01 4.104368330727307068e+01 1.339582056015399480e+01 3.001722937919890644e+00 1.014551911597584777e+01 1.032527849306278611e+01
1.481000000000000000e+03 7.686989841423583130e+02 -1.579442837392836196e+01 7.569331125898225432e-01 -4.780832894080701578e+01 1.557696533977002140e+00 1.477793765430200423e+01 8.690304899277098372e+00 3.120645563805437206e+01 -6.435211430406788224e+00
1.490000000000000000e+03 7.549453146292892143e+02 -1.737101704535284341e+01 -2.014330060127807354e+00 -5.755633480813082770e+01 -6.376060564207809200e+00 2.504436373876470778e+00 -5.450797501743774198e+00 -1.990117489536003248e+01 -2.019292603842760414e+01
1.499000000000000000e+03 7.228405739547929443e+02 3.815401605864984447e+00 -9.861824338083115649e+00 1.567042655610411295e+01 -3.362550280284025916e+01 -7.606770038307026915e+00 4.587342692773129116e+00 1.679806348026632179e+01 1.875631315163707180e+00
1.512000000000000000e+03 6.775981740290293374e+02 5.027707372735356728e+00 -8.169971007973382271e-01 1.616284457960259857e+01 -1.935246220031809239e+00 1.627898607024623345e+01 2.752328617742132622e+01 1.035368307997515558e+02 -1.565416257129675159e+01
1.529000000000000000e+03 6.094358877174163354e+02 3.680560151197389107e+00 -1.716427000255465529e+01 1.460302260415972242e+01 -6.005098901319048821e+01 3.102128905882133836e+01 -1.182223475558501313e+01 -4.515502555463842782e+01 1.820419314757628015e+01
1.546000000000000000e+03 5.688601741683725095e+02 -2.037048429811067152e+00 5.166651431194420496e+00 -9.013266210218349173e+00 2.403714811868757906e+01 1.608188078004743105e+01 1.428093137115407352e+01 5.713260258668813663e+01 1.039318990407914534e+00
1.563000000000000000e+03 5.320860745535733258e+02 1.929777746111373915e+01 -2.204575191573348292e+01 7.169627657034511969e+01 -8.231300583539734816e+01 1.024926086353497290e+01 4.210776579677911258e+01 1.741057645488492653e+02 1.196796851977303433e+01
1.580000000000000000e+03 4.936225986507453172e+02 -1.954752775648164587e+01 2.591061257804837759e+00 -7.375470184835401710e+01 1.131638498332647735e+01 2.408672722624481466e+01 1.757343285458455195e+00 6.738688337396752104e+00 -1.005830806580977566e+01
1.597000000000000000e+03 4.560992568871458843e+02 -1.052547800959372815e+01 -6.849302318939360923e+00 -3.736235396552297061e+01 -3.014924400359380741e+01 9.167344534967496017e+00 3.757085954003799522e+00 1.630820503748340400e+01 -4.606509302841031328e+00
1.614000000000000000e+03 4.342162114135367119e+02 -2.985441291772775330e+01 1.708617807575078018e+01 -1.194507926043534951e+02 7.043276676120660795e+01 2.065078509993217537e+01 -1.089520347866403860e+01 -4.980748075456363466e+01 2.556087643118431174e+01
1.631000000000000000e+03 4.273263096392998364e+02 -3.548517798434787096e+01 3.137893265897439665e+00 -1.434409335117290141e+02 1.031535439365300988e+01 2.822618047545774900e+01 -1.378668150129088055e+00 -7.024517744804226638e+00 1.400459812031669493e+01
1.648000000000000000e+03 4.242967746576759964e+02 -4.413443686835542934e+01 1.016881458409847561e+01 -1.839085552082054278e+02 4.432550535656463353e+01 1.808272601304531690e+01 -2.263642245280517074e+01 -1.104004123059158928e+02 7.599032141777890992e+00
1.665000000000000000e+03 4.125893433153252090e+02 -3.307599203339625404e+01 -4.223434754263577950e+00 -1.445218619516448086e+02 -1.425609365272550733e+01 3.192020766515174657e+01 4.396019390853420639e+00 2.020020973631794092e+01 1.006701457552179235e+01
1.682000000000000000e+03 4.144318384250800591e+02 -2.447010771328395862e+01 5.101211305209832680e+00 -1.066111692735052543e+02 2.449226872764864282e+01 3.663113813764730509e+01 1.434788972908214255e+01 7.296228597711096597e+01 -3.599427177585859727e+00
1.699000000000000000e+03 4.324969880763463266e+02 -3.097200027509448006e+01 -6.360965945881480010e+00 -1.452714181600187260e+02 -3.596129644052512475e+01 2.179241193984293545e+01 -1.822707172828607725e+01 -9.794391043217601123e+01 -3.333171525413183645e+01
1.716000000000000000e+03 4.172637260929924423e+02 -5.452338984646266651e-01 1.142509161402153950e+01 3.877310695175068211e+00 5.882156294364204285e+01 2.055545514120461803e+01 4.510523559968173402e+01 2.500333156326450990e+02 1.203761215523841521e+01
1.733000000000000000e+03 4.317537409476298080e+02 -3.253921770482569542e+01 -3.158901382799664592e+00 -1.700627663797498599e+02 -1.719157077424298663e+01 8.377025527202683008e+00 -4.176793852255078576e+01 -2.411779923299235975e+02 -5.388970065228035899e+00
1.750000000000000000e+03 4.080691766401455425e+02 -1.222476024848777820e+00 -1.636694818923286832e+01 -8.375307511628674595e-01 -8.278861048986607329e+01 4.935921014931324180e+01 4.085759234446993737e+00 2.285890694058294415e+01 5.715239352781099846e+00
1.767000000000000000e+03 4.150780435365677477e+02 -2.628711081469030830e+01 -7.629304377166469031e+00 -1.440356504972858147e+02 -4.196524692686278257e+01 1.422882870701808677e+01 -2.831595700462180076e+01 -1.750336206726168768e+02 -1.278371101325695669e+01
1.784000000000000000e+03 4.028236804924754892e+02 -5.349548520602930957e+00 5.013815609618670344e-01 -2.879480902797913089e+01 2.671359802279506201e+00 3.247688526684873978e+01 6.692800169955708611e+01 4.274901971107617555e+02 3.039293895463758233e+01
1.801000000000000000e+03 3.870274633317056328e+02 4.285910960919045110e+00 -1.190752456095035861e+01 2.467208912140655386e+01 -7.052100089885489353e+01 8.033934317920449431e+00 4.076543935818180131e+01 2.664063923050861717e+02 -3.988101797180146346e-01
1.818000000000000000e+03 3.760148171323404540e+02 -6.183239533522815634e+00 -1.646490359052179997e+01 -3.698183016110206722e+01 -9.946210594624903933e+01 5.696007674008903621e+00 -9.706309095294285427e+00 -6.549216030762555363e+01 2.903797982909764741e+01
1.835000000000000000e+03 3.493384930302643738e+02 3.110867958799697686e+00 5.489627683495823085e+00 2.513108725678382882e+01 3.318461181564796902e+01 7.377132368152548914e+00 3.234723502559330655e+01 2.306812626088809282e+02 -2.279580048181464758e+00
1.852000000000000000e+03 3.375429219218677304e+02 -2.120983176082082977e+01 3.433809409280277691e+01 -1.406586593283525417e+02 2.309490781433398183e+02 -1.337777386554312642e+01 -1.774328431822785745e+01 -1.334375288079780262e+02 -5.835268302929294038e+01
1.869000000000000000e+03 3.193978053737089908e+02 -2.506663889461997385e+01 -2.476396957160029899e+01 -1.669561274551336680e+02 -1.771446037450060089e+02 8.672432624034313164e+01 3.859378363021210134e+01 2.985873075777175245e+02 1.840016285583686084e+01
1.886000000000000000e+03 2.992359238912296746e+02 -1.271766631642547907e+01 -1.110528418983944476e+01 -8.585291780695206398e+01 -7.138711617167774648e+01 4.934951203731067437e+00 -4.398794508192560926e+01 -3.477877067404857598e+02 -5.782214604325399421e+01
1.903000000000000000e+03 2.792327991569159167e+02 -1.723331884842682271e+01 -1.729096838719053153e+01 -1.248275868148614194e+02 -1.228213954016194265e+02 3.930764192713760963e+01 -2.879378995998737878e+01 -2.382987893395150820e+02 -6.650127885249889914e+01
1.920000000000000000e+03 2.983286641757456437e+02 1.653110613005553020e+01 -1.166181517051944816e+01 1.292927619343507217e+02 -9.986935068309213648e+01 3.354991083627660942e+01 7.262796839183000941e+01 6.220523146075836394e+02 6.857401635188945477e+01
1.937000000000000000e+03 2.743789733280021323e+02 1.098376629261436221e+01 1.076918452847975161e+01 7.815238392736841888e+01 8.836604857448045891e+01 -1.638989797877333343e+00 4.823658742833477220e+01 4.360641811972208188e+02 -1.213610688604116028e+01
1.954000000000000000e+03 2.577958850870361402e+02 -1.077837633773514092e+01 -1.434969965319549168e+01 -7.867562277143464655e+01 -1.165813252790331944e+02 -5.925482731454786745e+01 -4.274461505135690231e+01 -3.975221332211563663e+02 -1.201526387056489220e+01
1.971000000000000000e+03 2.435802714994289317e+02 -4.423800604241171186e+01 1.384844830836810381e+01 -3.791422374638855217e+02 1.073254756088832096e+02 7.943115146152570105e+01 -1.671949980808616454e+00 -2.207278324732158836e+01 5.231189037612061554e+01
1.988000000000000000e+03 2.581207669659787030e+02 -3.591121931814264201e+01 5.049780898952741381e+01 -3.160591132248950430e+02 4.487229160780199209e+02 1.871234188117040986e+01 -6.897711258622831743e+00 -6.753105997852927089e+01 2.771624057988285728e+01
