# l Dl_TT Dl_TE Dl_TB Dl_ET Dl_BT Dl_EE Dl_EB Dl_BE Dl_BB
3.000000000000000000e+00 5.545118149218101280e+02 4.075826101747065167e+01 -2.330585703192464564e+01 4.080604240210794131e+01 -2.333272551082181323e+01 1.052292892375755073e+01 -2.318081953096491787e+00 -2.317996727191865336e+00 -3.389273959577804973e+00
7.000000000000000000e+00 9.891651708992091017e+02 1.222766978162952789e+01 -9.109301237359943570e+00 1.223111355328492067e+01 -9.113580822674148152e+00 4.543217185470247443e+00 -4.013065157373073011e-01 -4.011533186427899689e-01 6.329929385817829157e+00
1.200000000000000000e+01 1.060192672279144290e+03 1.342969331760587615e+01 -5.599383458163825544e+00 1.343152317960638698e+01 -5.599060376891242363e+00 2.896833347782763468e+00 4.249741745555363215e-01 4.248590590693918645e-01 2.187405135699043601e+00
1.700000000000000000e+01 1.104291171285778319e+03 4.673569846360839941e-01 1.379281581283411029e+01 4.579716229667699645e-01 1.380744136583807702e+01 1.780813614702359660e+00 1.857630554929007860e-01 1.857275122172806769e-01 2.525520801646525371e+00
2.200000000000000000e+01 8.700887532700737665e+02 1.540619173641046391e+00 -3.326905652307887262e+00 1.537164017086732226e+00 -3.337635878319535898e+00 3.473201941365780421e+00 -1.072399514846817115e-01 -1.072511620375228292e-01 1.230716802778440755e+00
2.700000000000000000e+01 1.087616342026567736e+03 1.092169191300855147e+01 1.113510560754221501e+01 1.092994874818234408e+01 1.114732330455233367e+01 2.778055333727941445e+00 5.075144329082046379e-01 5.075640079474188493e-01 1.393284082785378519e+00
3.200000000000000000e+01 1.279945516254802897e+03 4.626333776150529431e+00 3.292828663534496769e+00 4.624940411732912260e+00 3.295647214364081812e+00 2.331568268205047811e+00 1.835019182072170074e-01 1.835710625044046918e-01 1.719460730481592536e+00
3.700000000000000000e+01 1.382639510958978008e+03 1.461408086174827758e+01 5.492145574965336507e+00 1.463314006127413691e+01 5.497387383953398654e+00 1.976881988496750564e+00 1.445049346566272819e-01 1.446113174587587147e-01 1.722294460528605908e+00
4.200000000000000000e+01 1.539212586494456446e+03 6.143861557358601955e-01 -1.096377373827450041e+00 6.077399607150220096e-01 -1.103160125096535493e+00 1.929424755951286041e+00 2.272510988222271044e-01 2.274236124326182440e-01 1.541902834688393176e+00
4.700000000000000000e+01 1.434088348602598444e+03 1.002339406675072553e+01 5.891008396347863219e+00 1.004104252918610385e+01 5.900084745015926835e+00 2.074538774787115791e+00 -3.408852217467009393e-01 -3.411629681787800017e-01 1.274442105908133005e+00
5.200000000000000000e+01 1.543712500133671938e+03 -4.831180942501987374e+00 4.026374728078343068e+00 -4.840867042198242487e+00 4.031868844238479355e+00 1.716697716055694212e+00 -1.855886147951759935e-01 -1.857974106521139701e-01 1.280916513405571333e+00
5.700000000000000000e+01 1.937238078416445887e+03 -6.794441267984768551e+00 3.698752422430125364e+00 -6.812699263938047700e+00 3.704955810549324546e+00 1.922678175490602381e+00 4.407800676194535694e-02 4.414139635356727209e-02 8.532968412547539128e-01
6.200000000000000000e+01 1.704288667517945214e+03 5.660924630203078678e+00 1.465534742986627892e+00 5.680430562496917801e+00 1.465743009591072621e+00 2.211707245060277494e+00 -6.943073459988598206e-02 -6.950571286098863877e-02 6.985021855929474111e-01
6.700000000000000000e+01 1.985135053461294319e+03 -2.008420465486287831e+00 6.060408100214547567e+00 -2.015004307112326476e+00 6.074509571688592402e+00 2.063293481677908492e+00 -1.898568444774500763e-01 -1.902469174864496737e-01 8.906758036278905610e-01
7.200000000000000000e+01 2.026621156269410903e+03 -1.809494305508733358e+00 9.546116426769810204e+00 -1.815814430781820477e+00 9.579648633788435674e+00 1.604889152692875243e+00 2.638198251099900249e-01 2.644630078464754175e-01 8.628766540060583967e-01
7.700000000000000000e+01 1.929502861372925281e+03 -1.581472455788840659e+00 -3.832853087814421578e+00 -1.586590372133716897e+00 -3.852459267757413208e+00 2.226605129484794610e+00 2.819425387609763578e-01 2.827596673634138469e-01 8.280302080374848384e-01
8.200000000000000000e+01 2.329818963059833550e+03 4.073577102187826704e-02 9.035554366221084654e-01 4.146077579875395713e-02 9.049087432914447726e-01 2.228760423516120692e+00 2.018183210072676259e-01 2.024881277916666389e-01 9.084047154735717111e-01
8.700000000000000000e+01 2.472997061648125054e+03 -1.968434928924246874e+00 4.694614036200399632e+00 -1.972832500895959740e+00 4.716273106372065982e+00 2.417018575699577898e+00 9.315578601416094062e-02 9.351216719642217734e-02 8.868725979452387609e-01
9.200000000000000000e+01 2.436493328603203736e+03 -1.119745166315815510e+01 -1.147768604829111139e+00 -1.124811795184820618e+01 -1.152644529695084019e+00 2.101914215931821595e+00 4.148141665713533932e-02 4.173345087496706934e-02 1.268899677852495689e+00
9.700000000000000000e+01 2.778485439460062480e+03 -2.276718960942965353e+01 -3.548660889168893995e+00 -2.288153498075555348e+01 -3.565689369663457065e+00 3.013015058565481130e+00 7.534875014187442099e-02 7.571747229828160175e-02 1.023367368909006148e+00
1.040000000000000000e+02 3.008494997975769820e+03 -2.587027746359083125e+01 3.221751084650181340e+00 -2.601985601611345089e+01 3.241319204998329262e+00 2.043597499114542249e+00 -6.973713462497209414e-02 -7.007336267395761209e-02 5.978541646370487683e-01
1.130000000000000000e+02 3.338548346268069508e+03 -3.124632518972665096e+01 3.162904595328490664e+00 -3.144719554547925355e+01 3.180151641362998660e+00 2.774401475818889296e+00 4.865700251588019748e-02 4.903032160415662921e-02 1.005298855870007557e+00
1.220000000000000000e+02 3.534813114097039943e+03 -3.523433414946364906e+01 4.025045060349871306e+00 -3.549625652035061307e+01 4.056796525552251786e+00 2.288564940749854060e+00 -4.526281794763254429e-01 -4.558521985451262637e-01 1.135805736483232353e+00
1.310000000000000000e+02 3.797716502677750213e+03 -3.808285433020815702e+01 -3.950743427805167851e+00 -3.841057623442895874e+01 -3.985122516077959975e+00 2.372122139030422350e+00 2.929934738274126427e-01 2.954780621031046217e-01 4.534324678167441225e-01
1.400000000000000000e+02 4.297103548207668609e+03 -3.883386776004412155e+01 -8.983662760759436594e+00 -3.921084596041916370e+01 -9.077726138102912401e+00 2.418238029149697432e+00 1.946425691288576343e-01 1.965760104301314259e-01 1.005701738220270647e+00
1.490000000000000000e+02 4.297736598101049822e+03 -3.990550024293021636e+01 2.994199050394262263e-01 -4.033927937804678265e+01 3.007962491858767184e-01 2.662554812879596611e+00 -6.581892791465815407e-03 -6.618496843534438234e-03 5.374989644604732941e-01
1.580000000000000000e+02 4.879486997482584229e+03 -4.781867386874721859e+01 3.719324513388338360e+00 -4.840406774942378831e+01 3.770499666836766739e+00 2.230679328582072518e+00 4.459785928846520253e-01 4.512020984997092699e-01 1.344698671134221257e+00
1.670000000000000000e+02 5.106571445811910962e+03 -3.325368826047852622e+01 -1.136810973216002907e+01 -3.369422843335884465e+01 -1.153228990006152088e+01 1.600006667996650034e+00 3.085965557096021494e-01 3.126535158776947987e-01 7.091536104628202164e-01
1.760000000000000000e+02 5.128684411182384792e+03 -4.076982335382781031e+01 3.842741413275068130e+00 -4.138661483987662137e+01 3.902620166120088996e+00 2.366678238694836178e+00 -3.125041374747485057e-02 -3.167303791773818517e-02 1.156064115670501158e+00
1.850000000000000000e+02 5.404567070255800900e+03 -2.315526428278546689e+01 5.222464354663133079e+00 -2.353231432213445729e+01 5.304147141025574719e+00 1.929060427056785265e+00 2.648342001346162822e-01 2.688144956673819141e-01 2.083919059158715337e-01
1.940000000000000000e+02 5.506213603379820597e+03 -7.781290683798734342e+00 1.606153597886360807e+00 -7.908697987235803417e+00 1.632116923464450364e+00 1.446979239823919183e+00 2.849016655823356503e-01 2.898834408151620412e-01 8.207899907038164189e-01
2.030000000000000000e+02 5.631281167316346000e+03 -5.818269082743883658e+00 6.567162128614587147e+00 -5.926415021188382148e+00 6.707720593629153960e+00 2.452923890990693412e+00 -2.411531606250169602e-01 -2.456130248119804127e-01 6.284456616347395830e-01
2.120000000000000000e+02 5.932741367745460593e+03 -7.315476367853585016e-01 -5.845604661493164933e+00 -7.516186697323968824e-01 -5.970458590677426791e+00 1.524522794188635011e+00 1.354847856417488172e-01 1.384259872626796006e-01 6.902570880568258405e-01
2.210000000000000000e+02 6.174897202599597222e+03 2.445877434455587007e+01 -3.050137048563395403e+00 2.501465209387350086e+01 -3.118330399563726374e+00 2.504367775723781442e+00 6.974670564054620270e-01 7.131269443866514735e-01 5.494391767403213889e-01
2.300000000000000000e+02 5.768884269289240365e+03 4.153979177576800197e+01 -1.068393286950213072e+00 4.255488948617714584e+01 -1.097307347909767250e+00 2.522170428555151389e+00 7.285588469409884915e-01 7.458743929931485050e-01 6.208381907351196993e-01
2.390000000000000000e+02 5.934441063624250091e+03 5.822998206785381115e+01 9.329915391573789796e-01 5.977150182649173615e+01 9.603806469457142336e-01 2.870500050603132625e+00 3.380675683029157885e-01 3.470980105350695011e-01 1.115260467352382046e+00
2.480000000000000000e+02 5.652436300351443606e+03 6.280389473976426018e+01 -5.903081890875203186e+00 6.457029695305895700e+01 -6.075548851705688591e+00 3.607557875053545970e+00 1.427586445001819415e-01 1.473998757501621404e-01 5.566359749693363668e-01
2.570000000000000000e+02 5.340125955949419222e+03 6.619270083408133587e+01 -1.537198254476325188e+00 6.817956380327743204e+01 -1.582919046785750350e+00 4.030524968114038487e+00 5.951758738821415901e-02 6.132801277256646338e-02 2.716162475649308017e-01
2.660000000000000000e+02 5.095877709925996896e+03 7.550266859753679682e+01 5.020512207323786669e+00 7.789979405938012746e+01 5.187006374599415714e+00 4.470637276930506054e+00 1.693256360603207222e-01 1.757551976004459449e-01 3.707465466098449625e-01
2.750000000000000000e+02 5.045507463646496944e+03 1.046496733876659420e+02 4.364376823195981192e-01 1.082130167192631092e+02 4.587168425679387651e-01 6.503097458517781426e+00 1.288352728120199242e-01 1.334542226944896159e-01 5.646430964490697368e-01
2.840000000000000000e+02 4.675945231538121334e+03 1.164213219511953668e+02 -7.659424837924512453e+00 1.206369181330144897e+02 -7.944181351463845964e+00 6.182623326242124406e+00 3.027719107094791196e-01 3.140776844487035979e-01 1.184620724066635544e+00
2.930000000000000000e+02 4.404914307631036536e+03 1.107786166133026597e+02 -3.553839709949768721e+00 1.150167647584322168e+02 -3.691579922131798863e+00 9.430256544528784701e+00 7.268296322280686228e-01 7.552705730576962928e-01 -3.398904584468442902e-01
3.020000000000000000e+02 3.984490241450956091e+03 1.228578314952511477e+02 -6.146728122394518934e+00 1.278517616801320145e+02 -6.396111695577838319e+00 1.123386779318499329e+01 2.842556247675245285e-01 2.955494076579460172e-01 1.295866464303477406e+00
3.110000000000000000e+02 3.665324623673813221e+03 1.164379108042158890e+02 -1.664940222087012645e+00 1.214413348405936972e+02 -1.733959794596188875e+00 1.086109622481513526e+01 1.921600707946253817e-01 1.999201721200325743e-01 8.110188999010642386e-01
3.200000000000000000e+02 3.445085864980065253e+03 1.029514240037766939e+02 -1.656483121417159365e+00 1.076035363424417142e+02 -1.730302304050554074e+00 1.338085625574396786e+01 -4.810810227272990236e-01 -5.028913900602365317e-01 4.638683188656986811e-01
3.290000000000000000e+02 3.281144653966176975e+03 1.128602875546172157e+02 4.857161140447887604e+00 1.182427238789957471e+02 5.090114033922914061e+00 1.470064424797684310e+01 -1.079332969628572947e+00 -1.131442958460894488e+00 -3.849676649250485805e-01
3.380000000000000000e+02 2.894911612493759549e+03 9.245703994228477995e+01 1.282150247638620577e+01 9.709947321871078429e+01 1.347107392776979218e+01 1.346362101126499944e+01 1.050354565244542737e+00 1.103634364509284316e+00 1.232318328638914107e+00
3.470000000000000000e+02 2.523307147944023200e+03 8.375229584996301924e+01 4.396547639305154576e+00 8.816690979075259804e+01 4.625983344712465417e+00 1.952132490091670647e+01 4.356620131522612738e-01 4.598709764442601156e-01 1.052338778334302116e+00
3.560000000000000000e+02 2.437920740681649932e+03 8.786449158236081303e+01 1.008212398822094613e+01 9.274830154640618218e+01 1.063949641251770473e+01 1.928950270383119658e+01 -2.276354950757165430e+00 -2.404575755766436451e+00 1.092548184549116508e+00
3.650000000000000000e+02 2.271034507602325448e+03 6.774443521661252987e+01 4.864716069642074814e+00 7.169373203503613468e+01 5.150844125516105265e+00 2.105764586252718473e+01 5.034986688520715070e-01 5.332939745172513568e-01 6.906708701379885573e-01
3.740000000000000000e+02 2.119225181396308926e+03 4.244432636149747395e+01 -1.365637317727780964e+00 4.503098856618363754e+01 -1.447136039969643573e+00 2.129487029645791907e+01 8.503915075023588122e-01 9.026840613229114574e-01 2.646893430956799298e-01
3.830000000000000000e+02 2.001846560539072925e+03 3.204326641846121504e+01 8.096640232209587396e+00 3.407438561349234618e+01 8.621473627276277085e+00 2.230334307003739625e+01 1.324718502035072909e+00 1.409432410018746751e+00 2.552764399219824010e-01
3.920000000000000000e+02 1.856326856007472543e+03 1.903409536250660494e+01 -4.523123014058159086e+00 2.030809906434142320e+01 -4.828695522495174863e+00 2.203914860511981288e+01 1.648053561986449200e-01 1.761603944796410748e-01 1.679709012843334515e+00
4.010000000000000000e+02 1.857277502964979931e+03 5.174375749979151173e+00 2.786311055621035759e+00 5.531403101688042057e+00 2.983474680363804588e+00 2.334093940452579830e+01 1.288148794157643717e+00 1.378166620659249997e+00 2.402779128573687140e-01
4.100000000000000000e+02 1.790139484888978586e+03 -1.622559900309887837e+01 5.393507910215647350e+00 -1.741345083014701700e+01 5.788032906201365790e+00 2.069075188901900475e+01 -4.340076565213955573e-01 -4.668535757535464681e-01 -1.308589757725613367e+00
4.190000000000000000e+02 1.823801863939711211e+03 -3.417963188011594156e+01 2.070050293787932372e+00 -3.680067385266042379e+01 2.220067593818284557e+00 2.258949749747595348e+01 2.142255195010357216e+00 2.307378334258887165e+00 1.227922195593237120e+00
4.280000000000000000e+02 1.864455363892525611e+03 -5.035629423387408110e+01 -5.141482141790717719e+00 -5.437783040946202107e+01 -5.565056866228378141e+00 1.889330960126966019e+01 -2.055231151407301837e-01 -2.201760599139442054e-01 4.039134587173711100e-01
4.370000000000000000e+02 1.849529570509738960e+03 -5.128093601508963673e+01 3.983681858528020481e+00 -5.554602185290823968e+01 4.324781646614663799e+00 2.002802051817485918e+01 1.061487721876907209e+00 1.150222681129980051e+00 2.099021403675243480e+00
4.460000000000000000e+02 1.984331242766470950e+03 -5.548651733933270691e+01 3.677383939505536770e+00 -6.027797376227753290e+01 4.003717713697221292e+00 1.561627508218723825e+01 -1.125626262130557942e+00 -1.225190196535313136e+00 2.628972439201178735e-01
4.550000000000000000e+02 2.128823225184305102e+03 -7.717851288497529083e+01 -1.752153038885771563e+00 -8.411932937127841114e+01 -1.914435897756423088e+00 1.443349074834855728e+01 -1.330751181071375411e-01 -1.455143131586577876e-01 1.638675088006157576e+00
4.640000000000000000e+02 2.249678213604729990e+03 -8.947220903073981901e+01 1.649386544884147376e+00 -9.783986103542062551e+01 1.794948061600657896e+00 1.591732956816636602e+01 -7.127464321947661885e-01 -7.794027857209105958e-01 3.139125195333952068e+00
4.730000000000000000e+02 2.319704946417036354e+03 -8.011742241037299550e+01 7.953120429563615978e+00 -8.788043195928831608e+01 8.713011518346318596e+00 1.226724547962631995e+01 1.519328715102177485e+00 1.670212669535165118e+00 1.913381506808658816e+00
4.820000000000000000e+02 2.364839193420501033e+03 -8.157393926055405586e+01 9.737475024419511849e-01 -8.980394761789175107e+01 1.061022023918611445e+00 1.210028280460471350e+01 -1.231031844289525390e+00 -1.356759754136185769e+00 -4.820719365185000549e-01
4.910000000000000000e+02 2.454693035816163956e+03 -6.436295141909265283e+01 2.059926448281612088e-01 -7.110151691885056380e+01 2.110505162087356057e-01 1.260210301000069677e+01 3.283698004159103095e-02 3.752710054739684387e-02 3.112752230682560572e+00
5.000000000000000000e+02 2.523548431274055019e+03 -5.912945294373972871e+01 4.191334066183801887e+00 -6.554717965099489163e+01 4.645886213409518462e+00 8.369361938834707360e+00 -1.834591178221421925e-01 -2.034059259230849848e-01 -1.929155482707930691e+00
5.090000000000000000e+02 2.687719018382502327e+03 -2.894315984310816958e+01 -1.508504366909988903e+00 -3.217307080022775523e+01 -1.664897995914282225e+00 7.878850077537740582e+00 -1.805267374249459877e-01 -2.036806682478916053e-01 -7.121568825820800974e-01
5.180000000000000000e+02 2.658048950142210742e+03 -5.897877664041929080e+01 -3.176465128985883624e+00 -6.585361392441403439e+01 -3.536157090597710440e+00 8.161518223329080612e+00 1.258393146428366638e+00 1.406076545289828061e+00 1.513186525315124875e+00
5.270000000000000000e+02 2.676783546516865044e+03 -1.425204374384122374e+01 -9.936276742575048004e+00 -1.594514172068527813e+01 -1.114614656900147338e+01 6.206421467591561658e+00 -1.512093174957732655e+00 -1.693355356394499855e+00 9.496267895736524300e-01
5.360000000000000000e+02 2.580881363013918417e+03 -1.666434921951181991e+01 7.601192710851918832e+00 -1.875508351107192340e+01 8.552746328508012752e+00 6.248558395009886191e+00 -5.173224966190284602e-02 -5.883743577715024736e-02 3.614259895505129716e-01
5.450000000000000000e+02 2.567924166943130786e+03 1.570982031845870885e+01 1.139559351910133245e+00 1.775073533141549831e+01 1.281902201467722602e+00 9.241231319385642351e+00 2.418736918448514128e+00 2.730355997406546997e+00 3.279582564256011690e+00
5.540000000000000000e+02 2.665622726426382997e+03 1.202098225221115646e+00 -9.997156078496052700e+00 1.362496456344866713e+00 -1.133392075941784150e+01 9.288732711794972730e+00 1.885153633467021306e-01 2.140005523489446615e-01 3.000118460569456413e+00
5.630000000000000000e+02 2.613939604615532517e+03 7.160659988785992525e+00 -3.606529921186631515e+00 8.160052335509785593e+00 -4.094780448488291924e+00 1.291864894816625764e+01 -1.774276138852585838e+00 -2.021526793994545379e+00 -1.785880432340892110e+00
5.720000000000000000e+02 2.474997042353686993e+03 2.095614023535505410e+01 9.809762547267796506e+00 2.394570741621614474e+01 1.122242928292220121e+01 1.263220952622066662e+01 1.209346788367161363e+00 1.383169089268133423e+00 -1.336877754547698416e+00
5.810000000000000000e+02 2.439814011381415185e+03 2.156788953329710878e+01 7.904267775950116759e-01 2.475359756020307245e+01 9.117391420450920991e-01 1.439399540061108063e+01 3.244441567556278772e-01 3.749173783515734049e-01 2.916817359137842680e-01
5.900000000000000000e+02 2.456489640474916087e+03 3.000904984768632389e+01 1.167354887055344470e+01 3.457880617856258709e+01 1.346054332707988266e+01 1.301402169563114164e+01 -1.394248250885239626e+00 -1.607317563316024822e+00 4.212406466132041061e+00
5.990000000000000000e+02 2.311425642034575958e+03 2.573783673806786254e+01 3.433875153625792542e+00 2.976853671740941110e+01 3.964709888456288578e+00 2.079489656144568244e+01 -1.341494589236974511e+00 -1.555532431144515337e+00 5.967470661483874617e-01
6.080000000000000000e+02 2.231875630038823601e+03 3.866075865327717764e+01 5.475106963495066204e+00 4.492682477283745612e+01 6.362155828156700110e+00 2.012977324447231453e+01 3.898030548405391205e+00 4.530942922777891901e+00 1.648616739161201661e+00
6.170000000000000000e+02 2.205357619431751118e+03 2.940090420073331146e+01 7.399933763245026164e+00 3.432079472666603692e+01 8.649230230275351872e+00 2.537432422535965060e+01 -4.471855681888923240e-01 -5.163731943196275820e-01 -5.995046189989827745e-01
6.260000000000000000e+02 2.021823193738487134e+03 8.902034559884995701e+00 -6.881028033472844641e-01 1.040986323034683458e+01 -8.323241725239035604e-01 2.819320045857184098e+01 -4.293580395088582025e-01 -5.036856015157884503e-01 7.984189671712884628e-01
6.350000000000000000e+02 2.056504355787323220e+03 2.264976758486999131e+01 4.729401673805655015e+00 2.663528995096395136e+01 5.567491987589418656e+00 3.142482304314980368e+01 3.091486946394411905e+00 3.646217835438995358e+00 3.440215460028714478e+00
6.440000000000000000e+02 1.909806371008080305e+03 7.521028463232416250e+00 2.935871776523713894e+00 8.861293132539008965e+00 3.488989707600114176e+00 2.950719826188712602e+01 -6.845669169714553304e-01 -8.095773654170250744e-01 3.911815215016952951e+00
6.530000000000000000e+02 1.930102897903041594e+03 -1.563565040076986179e+01 -1.277737641693507875e+01 -1.860364806454483144e+01 -1.519964201788491920e+01 3.493714291928369420e+01 -1.528234668505181526e+00 -1.813852843350468591e+00 4.278971195243406633e+00
6.620000000000000000e+02 1.950415464521291142e+03 -3.258732478266219346e+01 9.284635373733657104e+00 -3.888807052411988963e+01 1.108712130693159637e+01 3.153741815259621717e+01 3.074784511272547594e+00 3.670211401388653538e+00 -2.823351183296714417e+00
6.710000000000000000e+02 1.865071708722121684e+03 -5.100077908619379485e+01 1.203516406386428805e+01 -6.114973940190797208e+01 1.444831834387973579e+01 3.268175445968784487e+01 3.389387305925858906e-02 4.003995202052343383e-02 3.680796838905850965e-01
6.800000000000000000e+02 1.807927912657996330e+03 -6.496087871143797088e+01 -1.277026269345699028e+01 -7.822274292426375553e+01 -1.539407736832279383e+01 3.471357637092337001e+01 2.120094010709561605e+00 2.556880446235100912e+00 2.305431784998022593e+00
6.890000000000000000e+02 1.885417216968320417e+03 -8.137458183341453832e+01 -5.891671395509614939e+00 -9.848354198617818156e+01 -7.143230424324802819e+00 3.393533475149884993e+01 1.787452946372205087e+00 2.157300585159207529e+00 1.639856260660703668e+00
6.980000000000000000e+02 1.941660219475181520e+03 -9.692620821190003255e+01 4.757408828213476326e+00 -1.178922238771278899e+02 5.791038287922932071e+00 4.021003822184611920e+01 4.384241704802747996e+00 5.340553432119631516e+00 -1.318134763920840724e+00
7.070000000000000000e+02 2.013208682926560869e+03 -9.262286130103343851e+01 -1.082106770246327443e+01 -1.131934598083821868e+02 -1.322406010413992306e+01 3.652577142518086362e+01 -7.860776883472689880e-01 -9.625303690726662031e-01 4.588662873394688368e+00
7.160000000000000000e+02 2.003210909383118860e+03 -1.247531050637761183e+02 9.673736576209329030e+00 -1.532419551631062973e+02 1.190692692132895480e+01 4.149918016804858212e+01 8.167957225481330408e-01 1.008290968669807386e+00 -2.924114032532845187e+00
7.250000000000000000e+02 2.076359924599784790e+03 -1.156949005402319841e+02 7.629265616434515174e+00 -1.428048636989097133e+02 9.422469205677588278e+00 3.141128697578800910e+01 9.945085388688039707e-01 1.238114340858326390e+00 2.457431894438507403e+00
7.340000000000000000e+02 2.089403644942551182e+03 -1.237147852434236484e+02 -1.694808499062185803e+01 -1.535003361343965196e+02 -2.104399316736827075e+01 2.832330067524535977e+01 -1.782663384814939356e+00 -2.209935939370959446e+00 -2.464114382330777342e-01
7.430000000000000000e+02 2.257692432546647069e+03 -1.256178470461318568e+02 -1.259452662968887360e+01 -1.566680032440849573e+02 -1.571490307000720321e+01 3.103524062037246978e+01 8.831360949621420708e-01 1.103370059617442500e+00 5.290070539159007268e+00
7.520000000000000000e+02 2.296528869726451376e+03 -1.263234270415541687e+02 -1.126176576798898310e+01 -1.583728454564353569e+02 -1.409783116769746592e+01 2.614430520004039238e+01 2.481570798035081182e+00 3.109224691796508733e+00 -2.171202580515475766e+00
7.610000000000000000e+02 2.379925580277109930e+03 -1.203470837490616674e+02 1.112174865743098273e+01 -1.516627468308992945e+02 1.401845850812924787e+01 2.921992706876207180e+01 4.120886275097442208e+00 5.201073476178132537e+00 1.808683917767374805e+00
7.700000000000000000e+02 2.435024611325932710e+03 -1.217653828672318355e+02 -1.761033906381225123e+01 -1.542826490305988045e+02 -2.235328564682167496e+01 2.036679747808990726e+01 1.760631192814959167e+00 2.242478392099938489e+00 1.974760355519181276e+00
7.790000000000000000e+02 2.404097183179493641e+03 -1.076016431011273653e+02 -4.199995532685644739e-01 -1.370457250954035828e+02 -5.381395296340119039e-01 1.930566721120724694e+01 4.239334251526249098e+00 5.403572486727693303e+00 1.927462736211349004e+00
7.880000000000000000e+02 2.540739501250036483e+03 -1.120510190385192857e+02 -1.120883924595456937e+00 -1.434730412018536754e+02 -1.445211451676503334e+00 2.598018720454972907e+01 2.592332964534464157e+00 3.319697957300834723e+00 1.360433516810518384e+00
7.970000000000000000e+02 2.496448202928328101e+03 -9.400083732198488917e+01 9.216315920342188051e+00 -1.210464973222142078e+02 1.188202708952836595e+01 1.756687713795371053e+01 -2.632073571026220193e+00 -3.402115942697113482e+00 -1.849557621561514487e-01
8.060000000000000000e+02 2.551753114991269285e+03 -8.233202233265291170e+01 4.013256319952063222e+00 -1.066472256301868242e+02 5.237363886528663137e+00 1.577303674243820275e+01 2.208512120848951099e+00 2.870603041093968688e+00 -1.748795616365135808e-01
8.150000000000000000e+02 2.656130056082773081e+03 -6.539086809571068670e+01 -2.670858058340017394e+01 -8.513905593894861568e+01 -3.481038320669610187e+01 1.574564190154241494e+01 -9.070054823717588199e-01 -1.193098006168149983e+00 -1.205799757070065814e+00
8.240000000000000000e+02 2.582659659558761632e+03 -5.875683556352645098e+01 3.580337621407944315e+00 -7.697992690790385950e+01 4.717090229992521699e+00 1.641580912456287322e+01 5.202785382944743908e+00 6.817546265330681088e+00 -1.218108263006339342e+00
8.330000000000000000e+02 2.580662826229197435e+03 -2.633591309198835262e+01 9.403653819314449436e+00 -3.467844757617630336e+01 1.240785134471916251e+01 6.500171078143106129e+00 2.558493758604782009e+00 3.377395876718815693e+00 9.397453900704793028e-01
8.420000000000000000e+02 2.567976122034348464e+03 -7.560428500887421244e+00 1.503355929809205405e+00 -9.953677013595441991e+00 1.996278388999370046e+00 1.278058221915704884e+01 -5.951038182718004776e+00 -7.903190897840261187e+00 8.003597813933003291e-01
8.510000000000000000e+02 2.408475850089563664e+03 -6.620614795326719815e+00 1.081499484738563410e+01 -8.822420887112246035e+00 1.447373956015992569e+01 1.327951011114518742e+01 1.274859881716981613e+00 1.690927677726275835e+00 1.009928266743320702e+00
8.600000000000000000e+02 2.408165629056655689e+03 1.375469510560789743e+01 -7.306282066390939356e+00 1.848011959437823037e+01 -9.803680139426923290e+00 1.501814167511897047e+01 -1.231696149793558986e-01 -1.713977987064091435e-01 3.527810516976448429e+00
8.690000000000000000e+02 2.359417760622121023e+03 3.984974016911623806e+01 7.597598798180868584e+00 5.373059346924673463e+01 1.030290078656243757e+01 8.686296823010479784e+00 -2.835838922992595545e+00 -3.850949716665085454e+00 -6.094481513703395859e-01
8.780000000000000000e+02 2.234762510730126451e+03 3.813491951695488780e+01 -5.026786513100838683e+00 5.175128487517206821e+01 -6.835157920784166841e+00 1.620693514712585426e+01 -3.193799991436877317e+00 -4.349061018409961399e+00 2.908734497605099723e+00
8.870000000000000000e+02 2.151659823924362172e+03 5.561568902063048370e+01 -2.504598493855099584e+00 7.597320543158804185e+01 -3.478236863292778036e+00 1.984593046615115597e+01 1.468217438019829624e+00 2.013368190097709842e+00 -4.877071637770712620e+00
8.960000000000000000e+02 2.006322595350157371e+03 6.216060694323527969e+01 1.064069696615808702e+01 8.540069728254837855e+01 1.462791040158396427e+01 2.239825138241497271e+01 2.174934267757622219e+00 3.001321209762216391e+00 2.849934891262163816e+00
9.050000000000000000e+02 1.908073524504839042e+03 5.482469531352754188e+01 -3.842498261726798869e+00 7.577683710347321266e+01 -5.326653627755292497e+00 2.168924609119942204e+01 -3.181767854663982042e+00 -4.403711892562125030e+00 -9.391218764483595383e-01
9.140000000000000000e+02 1.838307860362684551e+03 7.803517498157459897e+01 -4.542145877629072181e+00 1.085770068913593889e+02 -6.364899849294437750e+00 2.093984496960034036e+01 -5.723439324970927444e+00 -7.974148020233804424e+00 5.336902412503459203e+00
9.230000000000000000e+02 1.671209369479252700e+03 5.534461807475994988e+01 1.327650263692253496e+01 7.750931222310028090e+01 1.860799118654337292e+01 2.484883582933541035e+01 3.630512785336487358e+00 5.094609293541363826e+00 2.653888999303021023e+00
9.320000000000000000e+02 1.641716780462634233e+03 5.543970079075917567e+01 -2.695414736022576641e+00 7.811267264373040575e+01 -3.777713017431187481e+00 2.988394940659490473e+01 -2.083747122145073849e+00 -2.926607857216856345e+00 2.646433452817329890e+00
9.410000000000000000e+02 1.498604201755697432e+03 5.622125843194524464e+01 9.383365553263157466e+00 7.974950333234312438e+01 1.332874660151190227e+01 3.556977451836449688e+01 -4.758377266068291256e+00 -6.754587921703372189e+00 -3.564006179556119758e+00
9.500000000000000000e+02 1.413132784246741039e+03 3.981791060319665831e+01 3.668560314517855581e+00 5.683075621628643148e+01 5.259305918683796932e+00 3.524031120459604693e+01 2.302302102553404950e+00 3.305915150179608908e+00 -2.588233622450007321e+00
9.590000000000000000e+02 1.339569224250444222e+03 3.123969052665673019e+01 1.799488815895924176e+01 4.484458690569989869e+01 2.591599202753924658e+01 3.632516506364346753e+01 5.704671153315536536e+00 8.217139099522078993e+00 2.073597140203990996e-01
9.680000000000000000e+02 1.296445266584300271e+03 1.490187186138600062e+01 -1.774311416466123781e+00 2.157445492121624753e+01 -2.577886026951599518e+00 3.176408085964937555e+01 9.223382723701732955e-01 1.329702919744900180e+00 3.956890014712196812e+00
9.770000000000000000e+02 1.189134206303031078e+03 2.157285631029906625e+01 1.649608771000070107e+01 3.142488513884648427e+01 2.405450758009820689e+01 3.905627310003596619e+01 9.342257679797452141e+00 1.364156991369524974e+01 -1.495795544206294903e+00
9.860000000000000000e+02 1.197262123560115469e+03 -2.580569814479840574e+00 -1.005648461772088220e+00 -3.811306033687953398e+00 -1.463288945536874941e+00 3.818494390127202109e+01 -7.075636675056362179e+00 -1.040164310981478657e+01 -7.668178209093628794e+00
9.950000000000000000e+02 1.154333186975875833e+03 9.353112823975150425e-01 -3.819004311771214688e+00 1.379067628134743151e+00 -5.639722287016292412e+00 3.690751550923419444e+01 -1.088805472996910595e+01 -1.611879693621662213e+01 3.182844090220486422e+00
1.004000000000000000e+03 1.094645732916951374e+03 -4.239522096150834329e+01 5.963330349335155489e+00 -6.302507700102130883e+01 8.872690021444974207e+00 3.400078891815488191e+01 -4.201246146636060885e+00 -6.267239602152145928e+00 3.347757007830283182e+00
1.013000000000000000e+03 1.177785937158384741e+03 -3.225325251670919613e+01 -1.501969272007683465e+01 -4.828749072087752126e+01 -2.252911705138809850e+01 4.688965659186834500e+01 7.170792411080761930e+00 1.076603786510597160e+01 9.090675436308485402e+00
1.022000000000000000e+03 1.129861971935103611e+03 -4.863466656132483479e+01 -2.192063365235329186e+00 -7.333053632056422089e+01 -3.349449750910155732e+00 3.722050890802936607e+01 1.713549555009002745e+00 2.583595070726191878e+00 -1.807864736882653922e+00
1.031000000000000000e+03 1.095330537539831312e+03 -5.428662088378708717e+01 -5.777452906156600676e+00 -8.245483597837778689e+01 -8.818607384141811778e+00 4.712324799396057529e+01 9.004512039063744311e+00 1.370411414901051472e+01 -2.966926194046909604e+00
1.040000000000000000e+03 1.114375012402020729e+03 -5.436200812596862875e+01 -7.863412167562978006e+00 -8.313913844004395060e+01 -1.199760500971524557e+01 3.579135218392011097e+01 2.277093531999910159e+00 3.493665139083022897e+00 -8.731726690732259932e-01
1.049000000000000000e+03 1.174054295596411521e+03 -6.192734948560283925e+01 1.600394983461493892e+00 -9.536356601477517358e+01 2.492823946002387103e+00 2.470409449291470594e+01 9.535827118667783431e-01 1.495844625897355673e+00 7.636636885114338469e+00
1.058000000000000000e+03 1.201352996126333892e+03 -8.115330739886829292e+01 -6.801272678662273918e+00 -1.258880450353141640e+02 -1.056213500179834242e+01 2.365696228766757869e+01 1.207095419207846021e+00 1.884790674572519587e+00 6.941715456888780444e+00
1.067000000000000000e+03 1.193755176591161444e+03 -6.278717616121106460e+01 -6.545219091221501806e+00 -9.809720364243281665e+01 -1.022870117211956220e+01 3.521798486520643934e+01 -9.113994341860005566e-01 -1.453842845317159238e+00 -5.527766865720143974e-01
1.076000000000000000e+03 1.221623501964871593e+03 -8.593612599437024357e+01 -2.040012459124221778e+01 -1.353136441192539792e+02 -3.212395210492476849e+01 3.035393964614938156e+01 8.852397470140353164e+00 1.398854754581803839e+01 -7.141028556580462094e+00
1.085000000000000000e+03 1.300455840760461342e+03 -7.663430705496469386e+01 -3.355271632789861957e+00 -1.215363509812335110e+02 -5.318902763612781470e+00 2.894523755931322739e+01 3.032038056950323135e+00 4.829007746372793619e+00 1.394447462726574827e+00
1.094000000000000000e+03 1.298627043692607231e+03 -7.569910665252794502e+01 1.837929146591533502e+00 -1.210170052843232611e+02 2.922853125589370826e+00 2.944186631478986982e+01 6.461793431454198711e+00 1.033143549714205278e+01 1.346100145505692325e+01
1.103000000000000000e+03 1.281872779263345365e+03 -8.483917326948325410e+01 -3.967248007786502662e+00 -1.366504007409285180e+02 -6.407066098415768352e+00 1.667779971345824563e+01 -5.237892242080877558e+00 -8.431679192759421682e+00 1.803470906202080393e+00
1.112000000000000000e+03 1.281239185331382259e+03 -4.652713767534524436e+01 -1.938690542873609424e+00 -7.546667526491791023e+01 -3.140452899521141816e+00 1.452043881079266185e+01 3.477288378099967048e+00 5.620965836248613456e+00 4.969207660355248635e+00
1.121000000000000000e+03 1.322148419813453984e+03 -4.331254380429836459e+01 -8.372231154085001403e-01 -7.083548335164628895e+01 -1.307374448947832057e+00 1.652341626121180695e+01 4.609522574837545683e+00 7.507081151166591582e+00 3.505005546396177785e+00
1.130000000000000000e+03 1.304083760388422661e+03 -2.447353097815306811e+01 -1.917572855522203312e+01 -4.021781384974924833e+01 -3.165118625228971538e+01 1.646550651163974166e+01 3.598560082154437456e+00 5.916826231589859653e+00 3.250925715612698053e+00
1.139000000000000000e+03 1.289353429322208967e+03 -5.775939734254328073e+01 -2.826979662418882455e+01 -9.584287252522388201e+01 -4.696401972160184357e+01 1.696418040717513520e+01 5.835885537709619264e+00 9.762086360833555077e+00 6.296769180703206459e+00
1.148000000000000000e+03 1.296133539047757267e+03 -2.108590659297396286e+01 1.666432185196332627e+00 -3.526886186407316615e+01 2.826127875910037002e+00 1.410027595722927707e+01 -1.647449820313896973e+00 -2.742196224941658045e+00 -8.003394457537021722e+00
1.157000000000000000e+03 1.304383373219839314e+03 -1.679843073196379422e+01 1.036390443770939029e+01 -2.835256655327045294e+01 1.753618819017394515e+01 1.559301772135992081e+01 -5.161644419208096579e+00 -8.736153319256443339e+00 9.425764363118927847e+00
1.166000000000000000e+03 1.234037696873952200e+03 -3.535922086516895746e+01 9.798405995293231641e+00 -6.013804166094709558e+01 1.660761317102075907e+01 3.657098288441258394e+00 -1.787568514517090534e+00 -3.064553929034997015e+00 -1.908002462497192075e+00
1.175000000000000000e+03 1.230774066044647725e+03 -1.367367780235196451e+00 8.645660417646844564e+00 -2.322091340878815302e+00 1.477819211811322120e+01 -4.232296809405361238e+00 8.875172743086956473e+00 1.526792204928011998e+01 -3.004615465786085515e+00
1.184000000000000000e+03 1.233455037605186590e+03 1.038255292872567015e+00 1.264084120185698623e+01 1.770713465194431624e+00 2.179422425905208627e+01 1.179722682919064702e+01 1.498947588371873696e+00 2.606918317276222918e+00 1.137046546263933600e+01
1.193000000000000000e+03 1.153888136070351720e+03 -2.805966010000966460e+00 -6.784806036271183949e+00 -4.854743164159899038e+00 -1.177774709372443240e+01 1.235196665254217052e+01 -2.838271350903361245e+00 -4.913215936689819152e+00 -7.827499431134736341e+00
1.202000000000000000e+03 1.073475517324359998e+03 -3.143532310187505896e+00 1.375073769641871024e+01 -5.488789956042585239e+00 2.414414454180043990e+01 3.057204702464268209e+01 -6.826024407832497864e+00 -1.202356727785587331e+01 -5.953247499333700343e-01
1.211000000000000000e+03 1.065593382947123246e+03 1.370243942757132460e+00 -7.295515257832454914e+00 2.378938936450245567e+00 -1.297206283808958815e+01 2.196813354321720624e+01 1.301712277319205668e+01 2.311416478485188009e+01 -8.459025532664650626e+00
1.220000000000000000e+03 1.062763758276815906e+03 3.070066654738819523e+01 -9.428105872684559685e+00 5.479401151224513455e+01 -1.686450291756797526e+01 1.858607025025373716e+01 -4.875387057108798494e+00 -8.754483903864924699e+00 3.915096947709293396e+00
1.229000000000000000e+03 9.906753391078278810e+02 7.452032925961191268e+00 -1.448770947503547291e+01 1.350184693042233874e+01 -2.618073763717595170e+01 3.197115923760339484e+01 5.363054467105887291e+00 9.729267778457316496e+00 -6.515292618269600489e+00
1.238000000000000000e+03 9.783862051038504433e+02 2.364695071802232818e+00 7.031344305077401380e+00 4.351061844886203289e+00 1.274443168054031439e+01 3.002032391052513915e+01 -1.868853754183079730e+01 -3.408222465744381680e+01 5.273925947058187624e+00
1.247000000000000000e+03 9.218563824004182834e+02 -1.688641651933730392e+00 -3.234682861225126160e+00 -3.074638109001954334e+00 -5.984586192819084438e+00 3.231651243604451196e+01 9.603025170949265998e+00 1.762568924557441719e+01 8.201959958738576972e+00
1.256000000000000000e+03 8.767437412550419822e+02 -3.313652289705317777e+00 -5.893935507239838500e+00 -6.174562048887596077e+00 -1.097256080355749219e+01 1.551563839200835559e+01 -2.274501089117300978e+01 -4.218700942023006917e+01 -7.679497196670889814e+00
1.265000000000000000e+03 8.625537785116604255e+02 -1.820252736740361144e+01 1.320086385172311338e+01 -3.400166038191835582e+01 2.463713713296251129e+01 2.803696794125174563e+01 -1.893538304043736176e+01 -3.544472633108249227e+01 1.187826794144271503e+00
1.274000000000000000e+03 8.462822823639586431e+02 -4.650512702054593883e-01 4.986741282699314937e+00 -8.985776007810718502e-01 9.440350916771267364e+00 3.263427621201122975e+01 -1.255517145992919836e+01 -2.374920841799742277e+01 -3.806310836918817553e-01
1.283000000000000000e+03 8.323325313501129585e+02 -1.615451435231107524e+01 -2.455041016068817139e-01 -3.068140909032109676e+01 -4.374593207695798847e-01 1.828451397396899480e+01 1.172160499552558477e+01 2.227363160305945655e+01 -1.979929481476768727e+00
1.292000000000000000e+03 8.362173514117606601e+02 -2.883994668566102249e+01 2.066127359586208101e+01 -5.524427150543568388e+01 3.956756267357887680e+01 3.532057748110695172e+01 1.093019451486384241e+01 2.097870092006339959e+01 4.507351153267830646e-01
1.301000000000000000e+03 8.098309990918919539e+02 -2.487202776878192623e+01 -7.043441252032787148e+00 -4.796220743815505472e+01 -1.364814149982356817e+01 3.259395819660083760e+01 -8.220058081579029619e+00 -1.590803639109707746e+01 -1.803804978328122743e+01
1.310000000000000000e+03 7.867460411444361625e+02 -5.546173777070210065e+01 4.966897677559161117e+00 -1.080651758376739338e+02 9.715628381741357344e+00 4.397135828710966621e+01 -9.485820953193787375e+00 -1.851989959482773074e+01 8.117993325422734330e+00
1.319000000000000000e+03 7.924109427738964087e+02 -3.903953043293760317e+01 1.034630996295146765e+00 -7.671619770124090110e+01 2.069898244325279357e+00 2.972584942236397154e+01 1.026878657120141547e+01 2.025470171855137380e+01 -1.006931669004799978e+01
1.328000000000000000e+03 8.102533050580168492e+02 -5.701507942727182154e+01 -5.855468025962259127e+00 -1.129850213986842959e+02 -1.167263643058423739e+01 1.266556417569487003e+01 2.402803086492090401e+00 4.735067142185078737e+00 3.429371325677904281e+01
1.337000000000000000e+03 8.378751487045967679e+02 -4.283828088705559622e+01 -1.481688542015898502e+00 -8.558664571186247372e+01 -2.985855681830607899e+00 1.640293140814130979e+01 -1.351554812401024463e+01 -2.713234253263569329e+01 -1.390428379701748707e+00
1.346000000000000000e+03 8.161176649724399113e+02 -6.290458068202518405e+01 8.161448915857246078e+00 -1.269582048668584662e+02 1.662998807257148215e+01 3.441426399862394447e+01 -1.364927529657696148e+01 -2.775448494592128412e+01 -7.157347918105728013e+00
1.355000000000000000e+03 8.374004370163232807e+02 -7.161874886503269977e+01 2.664940965774697523e-01 -1.459313686477010208e+02 5.622540702025702331e-01 1.673072093757874512e+01 1.168815540506567552e-01 2.412918186894822958e-01 -3.006772405388567826e+00
1.364000000000000000e+03 8.626656825915085847e+02 -4.242010461303655688e+01 -1.097330600030028691e+01 -8.725585861944357191e+01 -2.253892466803992534e+01 2.405378594337953757e+01 -4.128391165451616551e+00 -8.531666678839735951e+00 -2.599862025955591793e+00
1.373000000000000000e+03 8.631953312808720966e+02 -4.231259199901415968e+01 -7.375837838829103710e+00 -8.786914580934899277e+01 -1.525892686116730701e+01 9.045986504776543313e+00 1.931391486743733310e+01 4.014590753777859788e+01 1.970505202797486888e+01
1.382000000000000000e+03 8.464991750642706165e+02 -4.484921455017134662e+01 -1.745545167950691923e+00 -9.383375602223011924e+01 -3.636996519729999822e+00 1.720415217460063317e+01 4.798043723478377487e+00 1.005778683765450410e+01 -6.189244302499944617e+00
1.391000000000000000e+03 8.976963457965724729e+02 -7.602495626635864312e+01 4.102218061003696903e+00 -1.606591506300653975e+02 8.691251731900322852e+00 1.675700181924542731e+00 -1.510262806558286153e+00 -3.196927588382278529e+00 -1.494698376276117635e+01
1.400000000000000000e+03 9.048681886743678433e+02 -5.904315299728146726e+01 -1.900972840278535259e+01 -1.260278867705602721e+02 -4.062951842957469495e+01 1.877741248583215850e+01 -6.646790350122511626e+00 -1.425620164597028605e+01 1.407571701863143510e+01
1.409000000000000000e+03 9.120548136567698521e+02 -7.576661072850725986e+01 -1.298933597014254815e+00 -1.631584682195938285e+02 -2.859045537239873980e+00 2.797200329948906727e+01 2.216852606423131178e+01 4.789493266303078656e+01 -2.349657106115836669e+01
1.418000000000000000e+03 8.928810818606707471e+02 -3.954520109731689814e+01 2.426905929117684124e+01 -8.608181017093073706e+01 5.291865757651992652e+01 1.589993596222486971e+01 -1.070984022759490450e+00 -2.259897302573337541e+00 1.191634660927914346e+01
1.427000000000000000e+03 8.802854140061235739e+02 -2.694762800728016217e+01 7.727024306609248105e-02 -5.908959649439335493e+01 1.018988809351463326e-01 2.193058189997591612e+01 -7.736303084629270188e-01 -1.865766075912072663e+00 -1.357746729424121135e+01
1.436000000000000000e+03 9.100659387021195244e+02 -4.181408142815048734e+01 1.255538609801276806e+01 -9.277334867265295770e+01 2.782595703342949989e+01 2.135003803350947749e+01 1.605572207157084108e+01 3.567848178249710855e+01 -2.410765285504045607e+01
1.445000000000000000e+03 8.689629381862336004e+02 -4.271521955100001833e+01 -1.442457554211763515e+01 -9.566714511858259584e+01 -3.218789278852519686e+01 1.107368849739742700e+01 3.192363696225493985e+00 7.240848444338884526e+00 2.402006975220772489e+01
1.454000000000000000e+03 8.456443569152029340e+02 -3.109675090531842656e+01 -4.517777750505826972e+00 -7.033382125971030518e+01 -1.015466358464426300e+01 -1.943943273107772285e+01 1.828925692171120998e+00 4.242241243705147546e+00 -3.117141696549072361e+00
1.463000000000000000e+03 8.361721390175981696e+02 -2.371763419105302262e+01 2.226708032851195451e+00 -5.410456934046116118e+01 5.066359827837572993e+00 1.996300081966722928e+01 1.712409002380338663e+01 3.941644697467639702e+01 1.294683564453209534e+01
1.472000000000000000e+03 8.236546555373415686e+02 -1.681646809767635986e+01 -7.243823570434678949e+00 -3.884128660156463297e+01 -1.666150907242226609e+01 -1.356682885212766365e+00 3.870087272069091000e+01 8.982128311448099112e+01 3.125574499126349437e+00
1.481000000000000000e+03 8.184192710007285996e+02 -8.714865271895408938e+00 -9.653681529033988795e+00 -2.030315455256956270e+01 -2.248383461848255038e+01 4.237508126976350553e+01 -1.682844007961288924e+01 -3.935683499538049546e+01 5.518701808276462728e+00
1.490000000000000000e+03 7.901894965194496763e+02 -4.128387734341689708e+00 -1.380380545667826020e+01 -9.723964905792549018e+00 -3.248659056940491752e+01 1.165637236257013676e+01 -6.156616464133430888e+00 -1.447768662995615152e+01 -1.991493890777754627e-01
1.499000000000000000e+03 7.782011172454572261e+02 1.831581373930591283e+01 -1.031126761537747072e+01 4.350007954476934202e+01 -2.458392140351598698e+01 1.339874071532667799e+01 -6.575434242919671490e+00 -1.585446894487355962e+01 5.916693551494359049e+00
1.512000000000000000e+03 7.454814767923978707e+02 -9.993195936661986023e-01 4.865261983084128161e+00 -2.552910213059086164e+00 1.162344755260076212e+01 2.762022780721738968e+01 -6.122137854631534148e-01 -1.245194058258211056e+00 -4.120198411744745215e+00
1.529000000000000000e+03 6.739486342461060531e+02 6.959827163638801828e+00 -3.496061668228760855e+00 1.724991087639479659e+01 -8.654551560938001487e+00 2.527962838123151812e+01 1.343493380211715049e+01 3.335068674126779342e+01 2.243062960944880757e+01
1.546000000000000000e+03 6.330241221279674164e+02 4.364050467535017575e+00 -6.311483459275593511e+00 1.100540627376999048e+01 -1.568933840630738885e+01 7.516218855753606931e-01 -4.482959011041009134e+00 -1.121819700905867379e+01 1.161971623898671258e+00
1.563000000000000000e+03 5.970866873641606389e+02 1.007819594504026028e+01 -1.861059880081949913e+01 2.582544360547940698e+01 -4.761909592109795142e+01 2.695686139544558912e+01 1.532761556200375708e+01 3.960170506811132185e+01 -9.889034637932230254e+00
1.580000000000000000e+03 5.489103694724697107e+02 -7.970655261242601597e+00 -1.244850442171594240e+00 -2.073242842036656342e+01 -3.262467391140991158e+00 4.458816064155223913e+00 5.209231352879389654e+00 1.367731167493261246e+01 -1.167872947956099772e+01
1.597000000000000000e+03 5.165328588434896346e+02 -3.259638414530159900e-01 -1.064324313714407744e+01 -6.521284364317203597e-01 -2.855449262687417189e+01 1.171271934052259134e+01 1.014987737488566744e+01 2.698823771360617840e+01 -7.124736225863784966e+00
1.614000000000000000e+03 4.954601417639979104e+02 -1.356856593918009146e+01 5.799349350549169557e+00 -3.684511169080013815e+01 1.584535665436432339e+01 5.262587198382384912e+01 1.027491235546951431e+00 2.859677816291180452e+00 -1.748388758898470030e+01
1.631000000000000000e+03 4.948179665803888838e+02 -2.246708250900276127e+01 1.658500673444230245e+01 -6.259963329328428472e+01 4.615081270630417976e+01 2.891712992654390035e+01 4.503335937406667711e+00 1.257512745830749523e+01 -1.974211548294929486e+01
1.648000000000000000e+03 4.755910483287336206e+02 -2.484439272915637886e+01 -1.417870614831601728e+01 -7.043266739629495987e+01 -4.047313727943087969e+01 1.734926535144427007e+01 1.036225559431834586e+00 2.840209734304568023e+00 2.650118684199011909e+01
1.665000000000000000e+03 4.890584831155641155e+02 -3.989623629920551195e+01 2.795603624410333055e+00 -1.158305233689642364e+02 8.141789588377049469e+00 4.713851225771249887e+01 2.526883520419979590e+01 7.315275016424094190e+01 2.006583968014428265e+01
1.682000000000000000e+03 4.799582625890193412e+02 -3.367407667248031089e+01 -5.190467696898203087e+00 -1.000385806733945202e+02 -1.517164695937926844e+01 1.781870873614965234e+01 3.551678672121015268e+01 1.056792522013908098e+02 -7.333988311848164798e+00
1.699000000000000000e+03 5.058675142103112421e+02 -2.877144309332594929e+01 6.249647757643875812e-01 -8.739681064240248531e+01 2.017902467181972526e+00 1.511475504753513732e+01 -1.907729575320001203e+01 -5.759136768429203102e+01 -2.151672492932430814e+01
1.716000000000000000e+03 4.880480724545052453e+02 -4.955489748599616995e+00 1.872903058454182457e+01 -1.544538701279562609e+01 5.782651536230609679e+01 -2.163942864046768388e+00 -5.746712351793980211e+00 -1.750933535457673074e+01 -3.358441942623878074e+00
1.733000000000000000e+03 4.945524139775960180e+02 -1.707523061835405542e+01 1.034227881696157247e+01 -5.422081991222336228e+01 3.280324680010795646e+01 1.228310271185621794e+01 1.507626781909430225e+00 4.593636273415661719e+00 -3.592977636387440299e+01
1.750000000000000000e+03 4.769738649851512946e+02 -2.615825532044788204e+01 1.550503040121366283e+01 -8.480003162216077328e+01 5.025143760580331076e+01 5.054901046661316855e+01 2.069235926657249180e+01 6.739222601630895326e+01 4.374080754998401943e+01
1.767000000000000000e+03 4.750153570018998153e+02 -1.519829560252524026e+01 -1.960803843385773959e+00 -5.043831586925784904e+01 -6.398019937140702496e+00 1.369638420645875243e+01 -1.738831883655707600e+01 -5.759787863142577180e+01 -2.634567449366767988e+01
1.784000000000000000e+03 4.861921798991198216e+02 1.095546724023840568e+01 -1.135146720338418369e+01 3.710161463583633434e+01 -3.818509538599194997e+01 -2.850388903931730411e+01 -4.183986060471414525e+00 -1.369131433905149464e+01 1.060733642734139792e+01
1.801000000000000000e+03 4.430448925761242549e+02 -7.215213332670687763e+00 -3.076030071398864507e+01 -2.531764541928399126e+01 -1.064058986711894477e+02 3.904426874553699633e+01 -1.268426327774926321e+01 -4.475178088879790295e+01 3.216547256599550764e+01
1.818000000000000000e+03 4.349084411616263992e+02 -2.496257005471536417e+01 2.493059327578701911e-01 -8.866873313660181566e+01 1.270954957084233561e+00 3.119756211729566964e+00 1.110154086868377910e+00 4.914885560591231162e+00 -3.765019119900058087e+01
1.835000000000000000e+03 4.075228104159131703e+02 2.618933487780009464e-02 -9.460504881448565939e-01 3.115468730354577498e-01 -3.760239350467477593e+00 2.616675549461162120e+01 -1.494591803672361330e+01 -5.509807779270754935e+01 6.594702622470697939e+00
1.852000000000000000e+03 4.044955765057286499e+02 -1.088135091169304403e+01 -1.364402721942613361e+01 -3.900998612831372014e+01 -5.060934059883686587e+01 -3.168043688018403969e+01 4.490332334410003234e+00 1.622686736075989700e+01 9.151634649394209120e+00
1.869000000000000000e+03 3.794765208768617413e+02 1.676005486821173562e+00 -3.082580401354474375e+01 6.196828441079558658e+00 -1.172108374831522042e+02 8.642182972184755840e+00 2.877169077444034606e+00 1.062569860513476350e+01 -4.863535130228011383e+01
1.886000000000000000e+03 3.603131514551542978e+02 -8.068891290259777582e-01 -1.398679086078614908e+01 -3.054446678042754826e+00 -5.423161441699159013e+01 2.240184544267477040e+00 -3.657269300385544430e-01 -5.167086779574866506e-01 -6.896271761259627908e+01
1.903000000000000000e+03 3.543409128379253730e+02 1.513623050970623574e+01 1.239704779540451796e+01 6.060209957581735551e+01 5.026659423265880378e+01 6.008540547363128148e+00 -2.645566990011289121e+01 -1.068814901444519592e+02 2.780995083677836988e+01
1.920000000000000000e+03 3.666357613872535239e+02 4.396139635652834166e+00 -7.488714210539946237e+00 1.848916088979440175e+01 -3.082734886154770138e+01 3.686553696217045939e+01 -2.822991571713545511e+01 -1.168850492986486671e+02 3.492727893280621032e+01
1.937000000000000000e+03 3.478667278671338750e+02 -2.363309154637289211e+01 5.198918907470554407e-01 -9.895657567572527569e+01 1.363696246605516915e+00 4.226356672489088595e+01 2.758329231884904331e+01 1.166224165495451786e+02 -1.732933073920266054e+01
1.954000000000000000e+03 3.393823120445368886e+02 -6.948824696399069190e+00 6.187708610309788249e+00 -3.055033571052382158e+01 2.596631150368424912e+01 7.812964224997545948e+00 5.052680969553352952e+01 2.191793837769444337e+02 -2.487681618171348674e+01
1.971000000000000000e+03 3.487790960944701624e+02 -3.989100412143194063e+01 8.671882977315252816e+00 -1.769927285541219817e+02 3.791147043255148930e+01 6.238738543202534714e+01 1.799251325707216509e+01 7.864665260301947569e+01 -2.738397557013691497e+01
1.988000000000000000e+03 3.408633802124393810e+02 -2.271901797333943929e+00 1.442998579261153047e+01 -1.018621219755254259e+01 6.416444134954036826e+01 -2.437469215541031886e+01 -8.078720250009105541e+00 -3.615463831776224168e+01 -6.691874456045418640e+00
