5.102401455649631101e-01
4.854452190385872834e-01
9.742460880877016338e-01
1.275621607816912473e+00
1.055505633385901199e+00
1.091354097413010704e+00
3.703828766611406031e+00
9.763922144313793794e+00
1.690749459193941462e+01
2.147081988873804548e+01
2.080807988137372533e+01
1.458457249503007347e+01
9.379264473090223930e+00
8.521656815355733272e+00
1.458207093987896741e+01
2.657219120416140612e+01
3.592481038874069554e+01
3.790609822941458162e+01
3.039619689182715589e+01
1.954658487822862512e+01
1.523445469495958449e+01
1.753604973814545076e+01
2.555701882001062586e+01
3.873445605241656864e+01
