# l Dl_TT Dl_TE Dl_TB Dl_ET Dl_BT Dl_EE Dl_EB Dl_BE Dl_BB
3.000000000000000000e+00 2.302480337359051248e+02 1.267492596051263654e+01 -7.643990942515226372e+00 1.272910185725584320e+01 -7.657911684200840341e+00 4.038858453887455902e+00 -5.683710837875293187e-01 -5.683576170936474048e-01 -1.266205792701154964e+00
7.000000000000000000e+00 8.122014315301235001e+02 3.131182417263649320e+00 -1.352997342781428580e+00 3.339830745785969501e+00 -1.458802066954504095e+00 1.385329964737539665e+00 7.743317632562544961e-02 7.743419521842168085e-02 2.141701194306995681e+00
1.200000000000000000e+01 7.696401440783187127e+02 8.601871276588603621e+00 -2.215662666013207716e+00 9.070389946164389983e+00 -2.364181064963455814e+00 8.141917432188122694e-01 1.135724377293944737e-01 1.135758301796188363e-01 3.807731085141128902e-01
1.700000000000000000e+01 9.442556933700237778e+02 -3.090237923621704574e+00 2.397244736614572713e-01 -2.849593460243705856e+00 4.128336935058136981e-02 5.034096597939714535e-01 4.909698472955207477e-02 4.910408114474518193e-02 3.402287552166370910e-01
2.200000000000000000e+01 6.359735966473114104e+02 4.793722686654689480e-01 -2.859528431836388496e+00 7.697525623264850347e-01 -2.945356082978194401e+00 8.630883162927187602e-01 2.283767006552575862e-01 2.284420838572292500e-01 4.434985794736478470e-01
2.700000000000000000e+01 9.306410671089108746e+02 4.922837246077810036e+00 8.996107913749632479e-01 5.318024720613538925e+00 8.360677935155251816e-01 8.256723690790170878e-01 1.924164800194092667e-02 1.925278462012451966e-02 4.683353980668611416e-01
3.200000000000000000e+01 1.146546739019659753e+03 4.452364979656631583e+00 2.599742153191638927e+00 4.969480378132878684e+00 2.677438666840303849e+00 7.004896219011349512e-01 8.751210271155110410e-02 8.756713691064887950e-02 4.372844700420431829e-01
3.700000000000000000e+01 1.269028889579130237e+03 5.349610223481866100e+00 2.999582565937766038e-02 5.880189884071727491e+00 6.613753830905193254e-02 6.603792851727605662e-01 2.650257100697405582e-02 2.652610201198026679e-02 4.507842891851440159e-01
4.200000000000000000e+01 1.468025433755796939e+03 -7.729840631457329803e-01 -2.493072287226532069e-01 -3.799565255641407790e-01 -1.515268584155695097e-01 5.104660584705500437e-01 2.290034274209776510e-01 2.292653921888945789e-01 3.767390920740458227e-01
4.700000000000000000e+01 1.363425962883138254e+03 4.929003179942805346e+00 2.385620034085128349e+00 5.315764118650117886e+00 2.602636940092890150e+00 7.536108290175678182e-01 -2.635931609104294557e-03 -2.635620382532230695e-03 4.519060190081243822e-01
5.200000000000000000e+01 1.392947588424563492e+03 3.021979655063788961e+00 1.605699028657823435e+00 3.278390037882954466e+00 1.873496715417884761e+00 7.188163467090860070e-01 -6.596110553917940156e-02 -6.609119401476466760e-02 3.151429508195023876e-01
5.700000000000000000e+01 1.771520471470052144e+03 -3.474067617157247323e+00 2.823807278987296776e+00 -3.383742102106725103e+00 3.164591929136009618e+00 6.273775140611701495e-01 3.530270355766536305e-03 3.533719153279450600e-03 2.384868203749076210e-01
6.200000000000000000e+01 1.614121706768019067e+03 1.657422223316658005e+00 2.510146275676129690e+00 1.460017872938704331e+00 2.826953933875171465e+00 1.014369547343190181e+00 -8.804560779933238990e-02 -8.825452901463304300e-02 2.759219527480448741e-01
6.700000000000000000e+01 1.902488163951521756e+03 -3.308342506430770324e+00 6.961684453333640832e-01 -3.715734647211625941e+00 1.054074429625355247e+00 7.343544513180482181e-01 5.875562480362447187e-02 5.893566085398447424e-02 2.778922609587460846e-01
7.200000000000000000e+01 1.969145887226080504e+03 -6.963242859202026125e+00 4.127578160256788919e+00 -7.760133645805685099e+00 4.427548661557461962e+00 6.589868170277857207e-01 -1.002280152582327687e-02 -1.007276188824632844e-02 2.577383510377555531e-01
7.700000000000000000e+01 1.795208383814010176e+03 -7.632407427869912553e+00 -7.720805808437206097e-02 -8.558598159206388445e+00 2.014391470011297203e-01 1.281958608865240157e+00 -7.388149384247151563e-02 -7.423162923539008973e-02 4.527724088810339831e-01
8.200000000000000000e+01 2.201066471115739660e+03 -5.865464529838204655e-02 2.164123643252077844e+00 -9.356780095812460285e-01 2.321190676152274257e+00 1.142598303266488813e+00 1.745477198311242151e-01 1.753224205346279596e-01 2.520022157414210651e-01
8.700000000000000000e+01 2.395325380048281204e+03 -4.740638962220285357e+00 -2.632951588820981570e+00 -6.145738864241860888e+00 -2.645041955652719601e+00 1.096788538517587952e+00 -3.982173558240131514e-03 -3.998101344885857285e-03 4.169211428812321651e-01
9.200000000000000000e+01 2.392596925592416483e+03 -2.118401023663328431e+01 6.837533049512876104e-01 -2.347996811089629077e+01 5.217414395854846898e-01 1.413771940941778826e+00 -2.339603539680075728e-01 -2.353407303388535543e-01 5.194681227894707432e-01
9.700000000000000000e+01 2.632373520470626318e+03 -1.889180992611516530e+01 -1.398357816035010304e+00 -2.186148415976488124e+01 -1.450514213341366432e+00 1.502844206370156810e+00 9.879504033706920652e-02 9.942273855139868721e-02 9.497558064538400013e-02
1.040000000000000000e+02 2.969713010976951409e+03 -2.231958107641978728e+01 8.456110434805749199e-01 -2.608502107118237134e+01 9.545672858065734623e-01 1.443446259817861899e+00 3.182126307407024957e-01 3.205984689962934064e-01 2.567811327439175062e-01
1.130000000000000000e+02 3.216000805900002888e+03 -3.388676762380282526e+01 -7.741012982316201052e-01 -3.900999171412727407e+01 -8.080884842707890536e-01 1.485281456600882732e+00 5.918241072385622970e-02 5.976540171125044321e-02 3.253781720051949211e-01
1.220000000000000000e+02 3.457919661935110980e+03 -3.140764677702107477e+01 -6.459914852876733615e-01 -3.739953684112457211e+01 -1.024963112350698813e+00 1.341382381041145377e+00 -3.128278506326767627e-02 -3.154523182296734007e-02 1.522641580616603818e-01
1.310000000000000000e+02 3.687677050044419957e+03 -4.036288011671326359e+01 -2.171280567553424579e+00 -4.710245052181770831e+01 -2.566831738461010204e+00 1.502929203355462207e+00 1.073533138533296349e-01 1.087032082253893417e-01 2.035418342070314524e-01
1.400000000000000000e+02 4.213603406325220021e+03 -4.871272213887978353e+01 -1.447921007775302638e+00 -5.664633723797184928e+01 -1.713319319980123767e+00 1.565163031939594829e+00 2.041158528868441957e-01 2.067703606615548251e-01 7.758498104129077366e-02
1.490000000000000000e+02 4.240421863091661180e+03 -4.785341588093105969e+01 -1.652006531002233602e+00 -5.627176919713446779e+01 -2.147699628870519017e+00 1.431381166190928589e+00 5.765874277001054732e-02 5.850579302715452901e-02 -1.160901368529743127e-02
1.580000000000000000e+02 4.775425704539077742e+03 -5.019611130774956109e+01 -9.315700736714498831e+00 -5.858007835712263756e+01 -1.009947515078642333e+01 1.324793149514672974e+00 -2.026957870391181069e-02 -2.073958439797360734e-02 -9.953153949007534362e-02
1.670000000000000000e+02 4.943646465280555276e+03 -4.342346750295439506e+01 1.670712487128587220e+00 -5.116819720038088093e+01 1.668348134822936979e+00 8.961980595175637054e-01 -3.639476675611220124e-01 -3.708010277806171873e-01 2.544033589406323459e-02
1.760000000000000000e+02 5.039716199490437248e+03 -3.965958245110385150e+01 8.703846437429755278e-01 -4.651781568016469492e+01 1.004564057898115870e+00 7.678677620743221688e-01 -2.824641550880792051e-01 -2.883402395711917032e-01 1.287401851855014268e-01
1.850000000000000000e+02 5.320071388793884580e+03 -3.120441840824945245e+01 2.050836144199230660e-01 -3.683569569486761708e+01 1.925284965659298519e-01 1.207346972409174768e+00 -1.153398460216842475e-01 -1.180976349791887509e-01 4.838135070331431864e-01
1.940000000000000000e+02 5.459913287419331027e+03 -1.403541723159195698e+01 1.161189659085116732e+00 -1.713600672254795754e+01 1.704968117984885234e+00 8.190297117770518609e-01 9.363930595046171534e-02 9.579629715144862001e-02 4.861580982008661400e-01
2.030000000000000000e+02 5.570429818245801471e+03 -1.464952900551383053e+00 5.584527459645464376e+00 -2.263538968122565720e+00 5.828360425750425122e+00 1.176898597206654573e+00 -6.817839965499388572e-04 -5.412242654628282405e-04 2.522661578423757156e-01
2.120000000000000000e+02 5.791231184636633770e+03 2.503878373264888157e+00 -1.059198496269713274e+01 3.737675626839011667e+00 -1.177157373628144477e+01 1.499050534294535053e+00 -6.838133485123889521e-01 -7.041447228437989203e-01 3.912448392992617929e-01
2.210000000000000000e+02 6.000676934626917500e+03 2.063538178100921883e+01 -5.752054312737620023e-02 2.451606750171595195e+01 -8.297750643146629690e-01 1.470662157916669432e+00 -2.610225665316594917e-02 -2.708041063611786592e-02 1.642860315865718457e-01
2.300000000000000000e+02 5.683032658423506291e+03 3.260017528519573204e+01 -1.020544661963368860e+01 3.839429800916762048e+01 -1.161499988081227919e+01 1.443576292511073778e+00 -2.890669411290280322e-01 -2.992620300314333681e-01 -2.589812032044971346e-01
2.390000000000000000e+02 5.859401683795617828e+03 3.862612496071268708e+01 -2.836694818040877308e+00 4.689871755433067335e+01 -3.518077049074687768e+00 1.754490780166119812e+00 -4.835613137695969899e-01 -5.015929610448763842e-01 2.877579571802814651e-01
2.480000000000000000e+02 5.520474061005599651e+03 5.491079218185797117e+01 5.960204871449082731e+00 6.616109864109137106e+01 6.685897854118986849e+00 3.551288732029910911e+00 2.221829311750908587e-01 2.313866010963110398e-01 7.061996932600983490e-02
2.570000000000000000e+02 5.263879033689558128e+03 7.246557789517997605e+01 5.629304739225967635e-01 8.745409555532063450e+01 7.525883394144758931e-01 3.010129660435528987e+00 -2.835621847301541543e-01 -2.955491544057021747e-01 -2.082292763984411599e-01
2.660000000000000000e+02 5.023683921525225742e+03 8.790667348409478166e+01 -2.483506987562976054e+00 1.065994505188313042e+02 -2.796283741576609305e+00 3.984017961165272403e+00 4.340419839208867203e-01 4.550042000950618171e-01 4.580656340757371936e-01
2.750000000000000000e+02 5.003440803234820123e+03 1.043137076177151670e+02 -1.458796808372940790e+00 1.259313369955835782e+02 -1.686643717845382584e+00 4.705976086292981364e+00 -3.348631127621878173e-02 -3.480064402885248848e-02 2.410923287928327108e-01
2.840000000000000000e+02 4.587695844179217602e+03 9.857735575996208865e+01 4.408395832182863572e+00 1.212088925136578013e+02 5.080831286925178603e+00 6.263142642127845328e+00 2.723803592336380697e-01 2.868974617447455078e-01 4.722138682672550325e-01
2.930000000000000000e+02 4.321481178746850674e+03 1.203092445746608803e+02 1.071101699762160964e+00 1.460929987810399950e+02 1.383002709549556064e+00 8.133278051594832192e+00 -1.076364635188396986e-02 -1.100826856806872735e-02 -4.410185284631051861e-01
3.020000000000000000e+02 3.940579524654327543e+03 1.195507477587847092e+02 -7.876587718458879506e-01 1.467117774106915249e+02 -5.956568477119543736e-01 1.025674616660475280e+01 -2.092078079457607709e-01 -2.213789467628382857e-01 8.344495169795949074e-01
3.110000000000000000e+02 3.612732156033083356e+03 1.236050946316294699e+02 2.194066589917566645e+00 1.519209589005207874e+02 2.322197033680775125e+00 1.106703379272515342e+01 -4.756766772143884367e-03 -4.477794111881649997e-03 -4.382394111129953029e-02
3.200000000000000000e+02 3.382119377230214468e+03 1.230392090669184455e+02 -3.443270099609188506e+00 1.514878112158566523e+02 -3.712217555833503546e+00 1.447691459714439333e+01 -2.551391172234224181e-01 -2.721714483382982608e-01 1.051065844793557247e-01
3.290000000000000000e+02 3.208215210121630207e+03 1.097151136652400396e+02 4.854013619638659627e+00 1.367719490281192805e+02 5.262037940372858991e+00 1.507431040191380589e+01 9.554871753620953756e-01 1.022785208310934779e+00 8.692666595708495869e-01
3.380000000000000000e+02 2.829602454740122994e+03 1.105790139866968929e+02 -2.141242165861697799e+00 1.369716120274020454e+02 -2.418588614878335097e+00 1.561000610465651661e+01 3.610213836931763232e-01 3.879346885042704307e-01 2.078881191287265950e-01
3.470000000000000000e+02 2.482725687859324353e+03 9.064046494967072931e+01 -5.735657646862813763e+00 1.136874993870171124e+02 -6.680750721312059603e+00 1.894385929222592324e+01 -6.918021290547655688e-01 -7.452685582475399029e-01 -3.270575353884762060e-01
3.560000000000000000e+02 2.377895113546575885e+03 7.955940941662011312e+01 -3.498491439988460794e+00 1.001216972399488583e+02 -4.386977071701996245e+00 1.772014729115824494e+01 8.227467064935848340e-01 8.896712394422665593e-01 -5.597443670046450132e-02
3.650000000000000000e+02 2.199449482251595327e+03 6.753765290205326721e+01 -1.827139652051941177e+00 8.496284855336014630e+01 -2.497228763627161285e+00 1.851970501969674032e+01 -6.627163170507215373e-01 -7.208990539921111829e-01 1.088580119848541750e-01
3.740000000000000000e+02 2.072458857556013754e+03 5.285443471360957091e+01 -1.572608782438495112e+00 6.714594542863652293e+01 -2.159359509314980219e+00 2.326859112365315596e+01 -9.836908961480449187e-02 -1.072086628319617319e-01 -6.214280881426112457e-02
3.830000000000000000e+02 1.932185355559194704e+03 3.719558887074279596e+01 -7.758977472503135742e-01 4.711202457874956906e+01 -1.331148740401290276e+00 2.279693589185542635e+01 -8.673659189298907890e-01 -9.501456012831243081e-01 -1.302623282674802541e+00
3.920000000000000000e+02 1.792778251050576955e+03 1.876807761209278524e+01 -6.750952504968254608e+00 2.362170515293577466e+01 -8.189309243102492530e+00 2.229290426652447010e+01 6.372455545583480818e-01 6.985214678573599123e-01 1.488184934465437426e+00
4.010000000000000000e+02 1.766490482946010843e+03 2.342805150564255978e+00 -6.171984355042458681e+00 2.464822472366366313e+00 -7.519307416470711658e+00 2.056051605219876421e+01 1.316639205526864975e+00 1.454452258483954985e+00 6.516553128963042951e-03
4.100000000000000000e+02 1.736242222559187212e+03 -2.206850011329281003e+01 4.032900572784253512e+00 -2.795214904225223407e+01 4.484998057579761443e+00 2.123046008965637910e+01 1.427090282032613677e+00 1.584720863655138423e+00 1.310548451401155612e-01
4.190000000000000000e+02 1.757451210694946440e+03 -4.573389583378300216e+01 -5.596521090067128057e-01 -5.751734015636478148e+01 -8.511112623667523858e-01 1.901967818750799921e+01 3.294909821661427818e-02 3.750598529357810490e-02 1.073689412639245111e+00
4.280000000000000000e+02 1.801809891331519339e+03 -4.382487923284606524e+01 -4.335230033443635556e+00 -5.755210526486963829e+01 -5.233451464847390433e+00 1.484412299214386621e+01 -2.275141325827743921e-02 -2.390339856214263037e-02 1.686156244533777215e+00
4.370000000000000000e+02 1.791248390906890563e+03 -6.151346310897284297e+01 2.807758414001715774e+00 -7.966826824769236737e+01 3.286962573373406027e+00 2.029372302883266599e+01 -1.726013842503805740e-01 -1.946759587360087085e-01 1.851528039586438190e+00
4.460000000000000000e+02 1.898443647555112420e+03 -6.051591579059905968e+01 8.792263034462622917e-01 -8.011130384424228623e+01 1.157519753135239915e+00 1.662061413796286757e+01 9.599179949696909908e-01 1.084613827756014892e+00 1.147666806585578181e+00
4.550000000000000000e+02 2.066888856641798611e+03 -7.777333429173904733e+01 -2.630474439367509021e+00 -1.018106762702838779e+02 -3.326595105298169486e+00 1.637581871196192651e+01 3.766227307332732366e-01 4.281792485462593834e-01 1.388254100528200086e+00
4.640000000000000000e+02 2.218956087224359635e+03 -8.128984455316837909e+01 -4.089578781550378572e+00 -1.070425758616972161e+02 -5.425485080826073947e+00 1.385053001604935474e+01 6.640205646877722634e-02 7.737570690894360337e-02 -1.718849118788306818e+00
4.730000000000000000e+02 2.229050590376061336e+03 -7.263635209735564047e+01 -8.377022702005577415e+00 -9.737380291150691392e+01 -1.039608091806661250e+01 1.347780309165941581e+01 -5.313638061326465822e-02 -6.078703727075208951e-02 7.402021647246302960e-01
4.820000000000000000e+02 2.312156548448919693e+03 -7.471843366819865651e+01 3.907669846866085095e+00 -1.002231064035192389e+02 4.571819280958958842e+00 1.106136491220872919e+01 6.868315033629748267e-01 7.931827168470477751e-01 -1.896103987954892711e-01
4.910000000000000000e+02 2.411187671557761860e+03 -8.323866303342825290e+01 -3.503030550976464763e+00 -1.104380981172967466e+02 -4.534232145631737154e+00 8.643471244001458942e+00 1.772680549078750722e+00 2.056476327642636548e+00 -4.502624150283578430e-01
5.000000000000000000e+02 2.459180260439582980e+03 -5.510794527555402311e+01 -8.853356921274404101e+00 -7.582188057362674272e+01 -1.131078790316795235e+01 9.144317580897840969e+00 1.078088980709512423e+00 1.255552703810509874e+00 7.965965574849906972e-01
5.090000000000000000e+02 2.628219946788868128e+03 -5.321926240798025987e+01 -2.075600000994558769e+00 -7.208392405233280442e+01 -3.292962489663059156e+00 8.492768078742811255e+00 7.060812694751487095e-01 8.282934773678385376e-01 1.277912784362178256e+00
5.180000000000000000e+02 2.596572816882135157e+03 -3.972427197428455514e+01 5.317763088622990075e+00 -5.417579576372372685e+01 5.971774073706214381e+00 8.324873538749368862e+00 1.886617496337444466e+00 2.223581172731831312e+00 -9.864342458797345503e-02
5.270000000000000000e+02 2.626336148423353279e+03 -2.283564400588828747e+01 -5.739559486924732390e+00 -3.188403445000635017e+01 -7.130535473077127762e+00 8.832559147462344384e+00 1.095697485334188759e+00 1.301775845731132808e+00 -5.943538544501172916e-02
5.360000000000000000e+02 2.526980700711069403e+03 -1.335381082589952939e+01 -1.403625950347658025e+00 -1.846211575438636743e+01 -1.964766315507574301e+00 7.169953178353471124e+00 -1.084830699615397576e+00 -1.292175140506761188e+00 -4.034106103643484986e-01
5.450000000000000000e+02 2.508650765819054868e+03 2.166298369791358258e+00 -4.758578782609720115e+00 2.219701628107861868e+00 -6.565969901835986278e+00 8.415903247735457171e+00 1.583382354933755565e+00 1.896003936984713256e+00 -3.270452153624386904e-01
5.540000000000000000e+02 2.597114063514672125e+03 2.157260595578707196e+00 -9.538208345500272856e+00 3.126635672786085340e+00 -1.305178699461662184e+01 8.618780725612886329e+00 1.082525793591182284e+00 1.298875440405033332e+00 -2.475211206829641408e-01
5.630000000000000000e+02 2.572181855054826883e+03 6.143478921741433396e+00 -5.263466487697716190e+00 9.182790643791230778e+00 -7.777031281052836142e+00 1.263535307334005964e+01 1.542071116303584066e+00 1.866484841981683074e+00 1.368065427526274469e+00
5.720000000000000000e+02 2.432575756403196920e+03 1.354869606081991584e+01 -7.641061722793113020e+00 1.950267908037955422e+01 -1.032546093251670527e+01 1.040821855701867449e+01 -1.228819343637132411e+00 -1.499711507668149979e+00 2.566369046815474508e+00
5.810000000000000000e+02 2.404913967439972112e+03 2.919868473491232663e+01 -6.860413370460292093e-01 4.034539261840617996e+01 -1.329276841724546410e+00 1.543222035722711993e+01 -1.126899472186338569e+00 -1.382451522590193438e+00 3.775359256858407120e-01
5.900000000000000000e+02 2.396807645645365483e+03 2.090915327208220731e+01 -2.538424369334184583e+00 3.034369285202258482e+01 -3.711206498359801209e+00 1.611842916680560123e+01 -2.463856324693046940e+00 -3.037188872616583879e+00 -5.746446594714993417e-01
5.990000000000000000e+02 2.261378363083976637e+03 2.467944669148687353e+01 -3.585781377962804051e+00 3.571440721348793801e+01 -4.648918471136912700e+00 1.918869388888969851e+01 1.857703773070757070e+00 2.307559172104936884e+00 -1.478903818694266015e-01
6.080000000000000000e+02 2.163647562307111002e+03 3.023598146197532088e+01 8.425085509441730736e+00 4.322550683725236809e+01 1.131176960269015197e+01 2.046597619400242962e+01 1.352052978955596008e-01 1.750636245992441831e-01 -1.459243508194932037e-01
6.170000000000000000e+02 2.152288917995912925e+03 2.236797005299210639e+01 -7.129181918001097351e-01 3.261117736182432481e+01 -1.860316868132585455e-01 2.401637701398315983e+01 1.181356530107494779e-01 1.499129657269553384e-01 -2.208805421686269810e+00
6.260000000000000000e+02 1.984013828594071811e+03 6.771879197531101902e+00 1.887470654074551391e+00 1.079789040704462622e+01 2.634796348264754950e+00 2.330595878493486239e+01 2.107513444358055210e+00 2.666118018084654651e+00 -4.301464515092889851e-01
6.350000000000000000e+02 1.990756640943118100e+03 6.385571782444142030e+00 3.296859503177600459e+00 8.538960448733190489e+00 4.658684489027853814e+00 2.825901281886931216e+01 2.813550600710347904e+00 3.586674672890216353e+00 -2.131749907632113583e+00
6.440000000000000000e+02 1.868409096332867648e+03 -1.732431361300711714e+01 3.709478432505224799e+00 -2.481556289506919910e+01 5.059138012780151961e+00 3.325803228949709478e+01 1.503771632898987409e+00 1.924347539241497484e+00 1.612770124960632545e+00
6.530000000000000000e+02 1.871054171069001313e+03 -2.042375844195538548e+01 -3.414350761017657554e+00 -3.138338753205850651e+01 -4.938071823710625807e+00 3.184609802818103574e+01 1.227345875948293141e+00 1.587112264112496174e+00 -2.166256353692551928e-01
6.620000000000000000e+02 1.903698089180554234e+03 -3.415452666392599923e+01 -9.678110080273633287e+00 -5.233075215691798121e+01 -1.392466552409636193e+01 3.245310375850485229e+01 -9.475738683275989338e-01 -1.228775362302682250e+00 9.526994793793880367e-01
6.710000000000000000e+02 1.824514767483284686e+03 -5.662845451465393865e+01 -7.953494429510296726e+00 -8.621291997669467833e+01 -1.173834934357468995e+01 3.897880575911432999e+01 4.154175086319456534e-01 5.411915549575743167e-01 -2.669876501036331451e+00
6.800000000000000000e+02 1.772816193236348454e+03 -6.574924242954071474e+01 2.454656319691800537e+00 -1.020045675191128112e+02 2.441267391717330426e+00 3.252716035176781872e+01 -2.015333883254632141e+00 -2.661348819880838157e+00 1.017824272273696540e+00
6.890000000000000000e+02 1.842053074886074000e+03 -8.544618773879055595e+01 -4.844455348289057994e+00 -1.316389626929307894e+02 -7.453286528388501253e+00 3.685428750208448179e+01 7.369340838799236515e-01 9.744780062079685390e-01 -1.033594497998273187e+00
6.980000000000000000e+02 1.896956682401630360e+03 -9.401171022241830144e+01 -1.076337548823337187e+01 -1.467537620410418526e+02 -1.582662700128397226e+01 4.025611001650362653e+01 2.980641393705311337e+00 3.988963527707467982e+00 -3.266467340701016298e+00
7.070000000000000000e+02 1.952859806337143937e+03 -1.060985979231341361e+02 -6.403137312376999901e+00 -1.666371299653747542e+02 -1.027177736171226563e+01 3.655914832270863712e+01 -1.756717462299556942e+00 -2.363756646053997823e+00 -1.093227249761594466e+00
7.160000000000000000e+02 1.949935004894971371e+03 -1.265536752066944786e+02 -6.889330079946931917e+00 -1.989795475861093337e+02 -1.134825400016869246e+01 3.917336026383594572e+01 2.908342317736901661e-01 4.008898542894417383e-01 2.333715891994094349e+00
7.250000000000000000e+02 2.024891069969795353e+03 -1.202222191712721155e+02 -1.040707648523274287e+01 -1.928213936443924581e+02 -1.594302053386110885e+01 3.488196806722847754e+01 -1.160782922448367449e+00 -1.594097040616833549e+00 2.418148250294621437e+00
7.340000000000000000e+02 2.058590982370749771e+03 -1.235242168766718720e+02 -6.256876959518326231e+00 -1.991493174821326875e+02 -1.018955680622001658e+01 2.940395849151576613e+01 9.440246615063317970e-01 1.298418683197397616e+00 2.682374481366651242e+00
7.430000000000000000e+02 2.207652895983699182e+03 -1.340188167155717736e+02 -6.078352476276017491e+00 -2.164043723548413425e+02 -1.014580288573890954e+01 2.840503317442435360e+01 3.597149119803290773e+00 5.000168373604877203e+00 1.703209923030291340e-01
7.520000000000000000e+02 2.253483572198242655e+03 -1.265536805134139087e+02 -6.188037970828764500e+00 -2.074570786099728821e+02 -1.003428769047237346e+01 2.829882802852508306e+01 -3.661775669581375681e+00 -5.133911877229227372e+00 1.733289335365938211e+00
7.610000000000000000e+02 2.339288302216422380e+03 -1.252396127492953468e+02 -3.007558524553379797e+00 -2.056899441997266251e+02 -5.964707452444879543e+00 2.284979259830775078e+01 -9.583250383723616039e-01 -1.351763698479501397e+00 6.355511122588006767e-01
7.700000000000000000e+02 2.365099517041034687e+03 -1.122984139017433591e+02 -1.614779200248321800e+01 -1.881195290775502542e+02 -2.556981225926537249e+01 2.749477271696900260e+01 2.488097778508143509e+00 3.534959304236980682e+00 1.447855759504955042e+00
7.790000000000000000e+02 2.355225896783995267e+03 -1.244201465704666418e+02 -6.845490175194977489e+00 -2.063607605670244425e+02 -1.215598011336457418e+01 2.007730239180374454e+01 -1.354063757875861640e+00 -1.938474736254640174e+00 -7.789505837905599250e-01
7.880000000000000000e+02 2.489499070871617278e+03 -9.491277178706603479e+01 -1.309070792417438867e+01 -1.619854253707735552e+02 -2.096944876270261204e+01 2.128360724113338520e+01 6.165511334713167368e-01 8.909971058350316664e-01 -4.208725573142558574e+00
7.970000000000000000e+02 2.450491170763838454e+03 -9.448294814770517291e+01 -6.190687210578771804e+00 -1.599548661603093365e+02 -1.084168264104022583e+01 1.974196218574580186e+01 -3.436309449069495425e+00 -4.995917291073663336e+00 3.476141777279418310e+00
8.060000000000000000e+02 2.516398985688399989e+03 -7.753087928035911602e+01 4.748710020821178546e+00 -1.336333370814444947e+02 6.936607763538543914e+00 1.548590249292044874e+01 -2.257356103353341581e+00 -3.320551308125738288e+00 -4.378832128967113491e+00
8.150000000000000000e+02 2.599102529956860508e+03 -7.229972391169168588e+01 -1.267026027448940262e+01 -1.240717549011347387e+02 -2.011128115732100241e+01 1.339403438222693588e+01 3.647727970707814737e+00 5.412402278010064904e+00 1.045166817787244185e-01
8.240000000000000000e+02 2.532109751493740532e+03 -4.549627967557742636e+01 -7.005558856133403012e+00 -7.979737879742184248e+01 -1.274731957586593722e+01 1.514378985868989602e+01 3.746064289496927380e+00 5.600136853720186991e+00 1.843253306242416567e+00
8.330000000000000000e+02 2.527179942187325651e+03 -2.806211561478421501e+01 -1.519643978680838359e+01 -4.974787295959905009e+01 -2.686104639422247331e+01 1.068979695811972697e+01 6.016925534143940268e+00 9.088937517914009945e+00 -8.927416807823145284e-01
8.420000000000000000e+02 2.530557619256551334e+03 -1.479960871605737083e+01 -8.144868597296561319e+00 -2.599276726359349965e+01 -1.522090002529834152e+01 1.073028094240796904e+01 -9.759264846364593682e-01 -1.473935904987745182e+00 -2.794724222590368790e+00
8.510000000000000000e+02 2.368443650008475743e+03 5.902822569242009543e+00 -8.517126217949456901e+00 9.049735974649999903e+00 -1.490403778881191421e+01 1.206308352037777176e+01 1.215165230803742169e+00 1.846251571843733341e+00 2.582067195842758789e+00
8.600000000000000000e+02 2.371431516588206250e+03 1.626866313468068270e+01 -1.668672326702551612e+00 2.909621912300176305e+01 -4.196460302482033278e+00 1.704990306088769003e+01 3.660746200594158228e-01 5.671157997429278064e-01 -8.257926865495459623e+00
8.690000000000000000e+02 2.285901527092471042e+03 1.980292608598639603e+01 -1.578460182088589470e+01 3.656463071332414927e+01 -2.805172808445887966e+01 1.376450405265564392e+01 1.675667903943121040e+00 2.618366149441770485e+00 -1.018444008982468452e+00
8.780000000000000000e+02 2.178221250958324163e+03 2.858157136251752917e+01 -1.585366875214535654e+01 5.381268682918008750e+01 -2.863500591901315318e+01 1.409721757426744659e+01 -2.229611230651958653e+00 -3.512266862930030875e+00 2.773020091420213440e+00
8.870000000000000000e+02 2.089811915697457607e+03 4.324855622948817313e+01 -7.775748220235821684e+00 8.072811627036375626e+01 -1.531186466564538229e+01 2.141426590972943345e+01 8.468952545332363024e-02 1.211373130617114241e-01 6.303270369704723208e+00
8.960000000000000000e+02 1.963595690036885344e+03 5.147553180699534892e+01 -8.465369527868753963e+00 9.645724064222142147e+01 -1.581755096353805001e+01 2.215111585822077700e+01 -1.463309815799626046e+00 -2.361164374335419591e+00 -3.795079318669758894e+00
9.050000000000000000e+02 1.853333567561848440e+03 6.229342690997675192e+01 -9.462448547700041956e+00 1.174443938047234752e+02 -1.705427333346199603e+01 2.706379177195989527e+01 2.339881847427560668e+00 3.781823086675778711e+00 9.146684817229115083e+00
9.140000000000000000e+02 1.787273983411819017e+03 6.604739944601648460e+01 8.469713046844780990e+00 1.248390966439106506e+02 1.350082871015242603e+01 3.094834408344346244e+01 1.353981532537791521e+00 2.221191753148017423e+00 -4.055539769700967412e+00
9.230000000000000000e+02 1.622605710624279709e+03 4.531614020007886268e+01 -1.505117581499372825e+01 8.963428865493669662e+01 -2.699888180823174721e+01 3.607031297188357399e+01 5.282511832717217359e+00 8.752336290465111190e+00 -4.416876972237788301e+00
9.320000000000000000e+02 1.587702739711483900e+03 5.651275599458475796e+01 -5.249373950193763072e-01 1.090765911213150048e+02 -1.825543338174445029e+00 3.529639090602788087e+01 -7.083045827984722820e+00 -1.182634438380655695e+01 6.885932589405854287e+00
9.410000000000000000e+02 1.456180532945953018e+03 4.508822321354618623e+01 -6.404845303338674301e-01 8.905988852210536777e+01 -1.720248925193085920e+00 3.457431433086759398e+01 1.616066888895525855e+00 2.710608259537766518e+00 2.744764910077482689e+00
9.500000000000000000e+02 1.362302739810204912e+03 3.561562040746092350e+01 -6.783763292690681901e+00 7.178977661487037665e+01 -1.235039333680316531e+01 3.717582991912999546e+01 2.818994704528428930e+00 4.817112784585317442e+00 5.711444346238052638e+00
9.590000000000000000e+02 1.290209828403238816e+03 3.185941276696793523e+01 -4.209917738172588741e+00 6.321316295709604560e+01 -7.646356825866275742e+00 3.686552282333438058e+01 -2.916744908457907126e+00 -5.024800609131169438e+00 3.878199073158945520e-01
9.680000000000000000e+02 1.246586492004056709e+03 1.962785008490696370e+01 7.733904638815894295e+00 4.015211281356349815e+01 1.393397630585944569e+01 4.159808824106428915e+01 8.666663294607656054e-01 1.471912565256533689e+00 -2.675804183940644343e+00
9.770000000000000000e+02 1.144995587858501267e+03 1.178306403826012705e+01 -4.723525829787230457e+00 2.296179216528651423e+01 -9.691025893952295078e+00 4.051300990418975800e+01 6.895547764916944544e+00 1.208256854198415553e+01 1.930376180664573837e+00
9.860000000000000000e+02 1.142050031002328751e+03 -1.283098396671026542e+01 -1.225992249200085382e+01 -2.566905772006653308e+01 -2.461441770365558313e+01 3.667312773265215498e+01 -3.916816858922929967e+00 -6.906418288475835610e+00 3.539272013794400706e+00
9.950000000000000000e+02 1.104785786295244179e+03 -2.007424702375769598e+01 -9.345529667670566809e+00 -4.276516398290549148e+01 -1.918964684670601173e+01 3.876741395015123004e+01 1.092568603966293406e+00 1.991538673739873921e+00 1.957963682186132370e+00
1.004000000000000000e+03 1.031283252515758932e+03 -3.840156179137076009e+01 8.126194160567832725e+00 -8.080250503153533259e+01 1.450573868758483087e+01 4.144687620055628940e+01 -4.826490106269821112e+00 -8.712558290343359602e+00 9.200262475514207949e+00
1.013000000000000000e+03 1.104666457913350541e+03 -5.321258531666416758e+01 -1.599761265550662870e+01 -1.120039576015657445e+02 -3.096830621877042589e+01 4.198873948213983454e+01 -5.541143452104200229e-01 -1.008328526540926307e+00 -5.756062565514551421e-01
1.022000000000000000e+03 1.060075295761222151e+03 -3.833134511433536318e+01 -2.746294489109541992e+00 -8.606132943494627341e+01 -6.677679753096827042e+00 4.494761667409436967e+01 2.655024653258804879e+00 4.884492890792286879e+00 -4.756011193262090764e+00
1.031000000000000000e+03 1.055968809016901105e+03 -6.126833061888170562e+01 6.349987814424172816e-01 -1.328678204848213511e+02 4.703684017794174110e-01 3.703102390535715216e+01 -2.350194797258434942e+00 -4.402975301151005993e+00 3.146798164058262959e+00
1.040000000000000000e+03 1.071838216554431710e+03 -6.004559649903274021e+01 1.223821707820665239e+00 -1.343152410414453186e+02 2.109260366175850887e+00 2.924073783415174432e+01 6.360119710504949175e+00 1.199545527900348674e+01 7.993105310061944913e+00
1.049000000000000000e+03 1.113105763882267638e+03 -8.214778296644409750e+01 -9.768621349802437237e+00 -1.827232573173082528e+02 -1.959900311137141671e+01 3.365509971726455518e+01 6.745836954177600875e-01 1.284402415445073942e+00 -1.376617619688830807e+01
1.058000000000000000e+03 1.153779450989957240e+03 -8.536779137260101891e+01 2.528226916075182462e+00 -1.940076808352688431e+02 4.049078465741430044e+00 3.942933985739382052e+01 -3.717202062122858308e+00 -7.217347624984291166e+00 -3.996507099498925797e+00
1.067000000000000000e+03 1.148153452826160446e+03 -9.526934612714532591e+01 -5.954959712102040337e-01 -2.172521435794769502e+02 -2.329838406550566177e+00 3.567720812223618054e+01 -5.397603353334064380e+00 -1.056962685969137716e+01 -3.987097575917947001e+00
1.076000000000000000e+03 1.172607001725255714e+03 -8.541783944304447118e+01 -1.152277777314315621e+01 -1.976396294020952666e+02 -2.466578139851475981e+01 1.928908577548059355e+01 5.127445139810110852e+00 1.016749388810721122e+01 4.757093360624977230e+00
1.085000000000000000e+03 1.249245741797815072e+03 -7.702528902673647337e+01 5.478566189959435562e+00 -1.806411634454002240e+02 1.240567035864737200e+01 1.919401389985158346e+01 2.407856917334894931e+00 4.843944423468714788e+00 7.976106211187835804e+00
1.094000000000000000e+03 1.242227434903644280e+03 -8.645222854482703667e+01 1.135397329179536285e+01 -2.020719817596768735e+02 2.470158286930987757e+01 3.034544079878936884e+01 -2.621890747812787748e+00 -5.238011301922180785e+00 7.366709776505904195e-01
1.103000000000000000e+03 1.224245010089910238e+03 -5.188676769713885051e+01 -1.598436791151759984e+01 -1.276688344798633352e+02 -3.568899265149971711e+01 1.680377133002227907e+01 -6.304643381530519619e+00 -1.288480475721775420e+01 -4.010304706868327962e+00
1.112000000000000000e+03 1.227124820691330797e+03 -5.420504511314842944e+01 -8.778169621501572095e+00 -1.314284608049143799e+02 -2.206692135556022549e+01 1.317315738670072633e+01 -1.158842162982871571e-01 -1.595426209792647210e-01 5.385744622408199928e-02
1.121000000000000000e+03 1.270385182882150730e+03 -4.715319827026902999e+01 -7.763644472242207328e+00 -1.160049971536602982e+02 -1.901465414413481980e+01 1.389089019329365726e+01 6.405226146717636126e+00 1.342053330416640833e+01 -1.042562375642872396e+01
1.130000000000000000e+03 1.257404586360602934e+03 -4.651170632781295922e+01 -1.718378218993359186e+00 -1.153024604779031677e+02 -4.791775856601161898e+00 1.367979317717634125e+01 6.702356642676054577e+00 1.417041648400594589e+01 8.104613605528497189e+00
1.139000000000000000e+03 1.243441735915594336e+03 -4.596959012251491572e+01 -8.816050896124515646e+00 -1.140930522742456645e+02 -2.097673629560416941e+01 8.281352293894402194e+00 -4.294621349605606042e+00 -9.166806236883346060e+00 -6.133239205023730989e+00
1.148000000000000000e+03 1.234514301195001963e+03 -2.774811090443592576e+01 2.355649165410183876e+00 -7.153289645767833349e+01 4.959908799196496076e+00 2.772724828195558988e+00 -9.173475024059380978e-01 -1.976338773762543743e+00 -5.464776903130251107e+00
1.157000000000000000e+03 1.251729185328151743e+03 -2.036084309760066091e+01 1.253641923076075804e+00 -5.365091220466480593e+01 3.172803806635979829e+00 1.951090716910965384e+01 9.153467950816553511e+00 2.005136364412662786e+01 3.100017092215049175e+00
1.166000000000000000e+03 1.182578884698529691e+03 -2.001639428041282187e+01 -9.915095024278011149e-01 -5.276321287675692417e+01 -2.239315670570466654e+00 8.863992296368724766e+00 -5.407519875384791064e+00 -1.204308387381408707e+01 6.489876983554067058e-01
1.175000000000000000e+03 1.171409872983623245e+03 -2.521252390140076116e+01 3.258090686951700565e+00 -6.295736094817852546e+01 7.020129025732874339e+00 1.504985053309052212e+01 1.450975557467169885e+01 3.260798681314552994e+01 3.314824865784294694e+00
1.184000000000000000e+03 1.172249694108531912e+03 1.107440817714344128e+01 -9.214877382663352989e+00 2.467775490101864477e+01 -2.116161861610533279e+01 9.277995580130930620e+00 1.289861369846139816e+01 2.935811938163110923e+01 2.312023880565301948e+00
1.193000000000000000e+03 1.116032314281917024e+03 -1.555206560551507344e+01 3.969918671220591833e+00 -3.633757016025171538e+01 9.927178540365936499e+00 -1.403024256839572548e+00 1.091087671317472640e+01 2.521914194438612000e+01 -1.286335912673411919e+01
1.202000000000000000e+03 1.014359975356434461e+03 1.387344428370299632e+01 2.208126305988437732e+00 3.403636408944390723e+01 6.581319478533797174e+00 1.529663135431157350e+01 -8.022631710356623813e+00 -1.850739763871287380e+01 6.631539610318305522e-01
1.211000000000000000e+03 9.998365242670794260e+02 -1.163672949608896223e+00 9.637930588593695447e+00 -1.622501481243141086e+00 2.422889438403037232e+01 1.893611500166872474e+01 1.479723327851994119e+00 3.617964275599919954e+00 5.367456102435956389e+00
1.220000000000000000e+03 1.006109261920252266e+03 1.011843236814876690e+01 -2.942693735918212594e-01 2.617930397658779640e+01 1.414024481902660169e+00 2.421859577805035357e+01 -2.858799433210295060e+00 -6.764232211464105582e+00 -1.595329428617751866e+01
1.229000000000000000e+03 9.395316238693214927e+02 1.046863266215337340e+01 9.556078641298196175e+00 2.709536957900981591e+01 2.444638764130588982e+01 2.574234745603631680e+01 1.148587741779488303e+00 2.760630140244866304e+00 1.548807813344476791e+01
1.238000000000000000e+03 9.232164789479671754e+02 -9.846863167215936130e+00 -2.956156575797947994e+00 -2.453902902759631388e+01 -9.380129715195655749e+00 3.297522017164436647e+01 -1.399701908298478070e+00 -3.283715477469649535e+00 4.894886406858770300e+00
1.247000000000000000e+03 8.720973923592005121e+02 1.077355020207753888e+01 -1.794865256865105962e+01 2.743974005912364689e+01 -5.059382011304456483e+01 4.380611441761291758e+01 -3.941270025196566884e+00 -9.825944068977211288e+00 2.991311413482145909e+00
1.256000000000000000e+03 8.274285983992153888e+02 -1.243458947285745175e+01 -1.811711914371433352e+01 -3.293716462750461460e+01 -5.036974929326866857e+01 2.922987420664818004e+01 4.887955812249980880e+00 1.223272590166133433e+01 2.027007795216377417e+01
1.265000000000000000e+03 7.940121272716771728e+02 1.768094530342425585e+00 9.912276806863134837e+00 1.812711557118948935e+00 2.678405885399739361e+01 1.719559494906057751e+01 8.438625880336465102e+00 2.144046840350279837e+01 -8.348534275820247430e+00
1.274000000000000000e+03 7.975750825142644089e+02 -1.442451385467596303e+01 6.357444536607822272e+00 -4.520868597246126797e+01 1.715575617106457429e+01 2.036193573951386071e+01 1.529894667805598374e+01 3.955151672779609839e+01 -2.955083365285726682e+00
1.283000000000000000e+03 7.647027856737888669e+02 -4.171628628756578649e+01 -1.207779473797976166e+01 -1.245674977630470579e+02 -3.483298504136270424e+01 3.862585334906298584e+01 1.016193243944587010e+01 2.669831388163264663e+01 1.598985584062967646e+01
1.292000000000000000e+03 7.757039416384218384e+02 -4.216097188231382376e+01 -1.020139789174431932e+01 -1.293496881211431742e+02 -3.000929214359731034e+01 2.312791372230876874e+01 4.838139297600786648e+00 1.273487408998507142e+01 -4.625074063054158024e+00
1.301000000000000000e+03 7.585301735998572212e+02 -2.390352054593655495e+01 -4.402197037859203910e+00 -7.914459976933926555e+01 -1.358934895193983472e+01 3.330001361094690537e+01 -1.457980588118402032e+01 -3.925641318394670520e+01 -6.515154195192309317e+00
1.310000000000000000e+03 7.400107822936157618e+02 -3.814114848991290074e+01 5.191675661290624078e+00 -1.219994428271398732e+02 1.172334170521862085e+01 1.674379259847717094e+01 -6.278513918784595305e+00 -1.724784870616629462e+01 -4.805776021342916593e+00
1.319000000000000000e+03 7.334477316465910235e+02 -5.324230463158915683e+01 -2.013365933789904005e+01 -1.721397189479306462e+02 -6.256385796829739832e+01 2.929477889170851057e+01 -6.948960966345143930e+00 -1.931038577845480830e+01 7.272326039729632985e-01
1.328000000000000000e+03 7.524276304731597520e+02 -5.948691755109099688e+01 -4.684171044640455861e+00 -1.939254973949317673e+02 -1.761302703056398755e+01 2.886597936289740574e+01 -1.476538619377294737e+01 -4.159520735883417331e+01 -2.817370536143222637e+00
1.337000000000000000e+03 7.817866398525362683e+02 -4.010032799953295779e+01 -1.684335016762421589e+01 -1.378033040220696535e+02 -5.139283654049980754e+01 4.896000437087101176e+01 7.773216864578890828e+00 2.225927998352631221e+01 6.782052623197567520e+00
1.346000000000000000e+03 7.644663204548037356e+02 -4.943972481916542705e+01 3.753085509796799446e+00 -1.713256368751109449e+02 1.035271919585386158e+01 3.462016844977171814e+01 -1.808296485886399907e+01 -5.208698600742776108e+01 9.053090401912378127e+00
1.355000000000000000e+03 7.830083850389592044e+02 -7.922367562004501451e+01 6.497254881073398103e+00 -2.670580257204940153e+02 2.085771507939284675e+01 2.622604270565449269e+01 -1.323646899881538275e+00 -4.032528346427434407e+00 8.403741879881611254e+00
1.364000000000000000e+03 7.958302378948005753e+02 -5.503164915429858439e+01 -7.636128841335497519e+00 -1.933903442738032084e+02 -2.389645708955807635e+01 3.882809691119946116e+00 1.667674118645705583e+00 4.755194062964822166e+00 -3.628069965588235579e+00
1.373000000000000000e+03 8.200868254478141353e+02 -6.553725883334757896e+01 -4.060499015436692893e+00 -2.295816565990051856e+02 -1.251186119838682309e+01 1.703856265181550356e+01 8.237918503400566195e+00 2.480612711622830346e+01 -1.775123018808867359e+00
1.382000000000000000e+03 7.942664085040862574e+02 -3.693058091400080656e+01 5.864235546731442206e+00 -1.412474787673601782e+02 1.862253618394738552e+01 2.758110801617540986e+01 2.497783778359785245e+01 7.618335755946134213e+01 3.389976345705052907e+00
1.391000000000000000e+03 8.312834649169054728e+02 -7.703446474091813911e+01 1.263073560850065569e+01 -2.731940995341473126e+02 3.875325039711245978e+01 1.346359062518197014e+01 -2.816838347774428097e+00 -8.733533619052918695e+00 -1.584017172631368808e+01
1.400000000000000000e+03 8.548095222186774436e+02 -6.621657656738958053e+01 -3.667788164013381191e+01 -2.432604974575209269e+02 -1.265924498360411121e+02 1.808594542689764495e+01 -7.493925852940951593e+00 -2.366229525368659736e+01 2.234809173366888047e+01
1.409000000000000000e+03 8.525431086668630769e+02 -5.180443388906029156e+01 -1.467436854788225808e+01 -1.982036879787144983e+02 -5.467919876461340323e+01 2.058107559865835157e+01 8.470688973093984941e+00 2.694715006916787559e+01 -3.582932622495572872e+01
1.418000000000000000e+03 8.421808836368392122e+02 -5.860767532364781829e+01 5.934275282865015377e+00 -2.231923751895569694e+02 1.654910102579925990e+01 2.609779976370496968e+01 6.450434540741841971e+00 2.077550210988072621e+01 1.455700152599181685e+01
1.427000000000000000e+03 8.307952699946923758e+02 -4.961960839989406935e+01 -1.408427879921356229e+01 -1.914608513345466179e+02 -4.812351141993778469e+01 2.376008322545391849e+00 3.471489627226041819e+00 1.109672261787647329e+01 5.063639237052123931e+00
1.436000000000000000e+03 8.275784529738126594e+02 -4.484751491813980095e+01 2.437100785477059972e+01 -1.745573044656084960e+02 8.526247990982182046e+01 2.666402283231825265e+01 6.381136261537745824e+00 2.108384489472333101e+01 -1.833966444588102718e+01
1.445000000000000000e+03 8.316542724227766712e+02 -5.027278633144369024e+01 -2.335518273370324138e+01 -1.922235006066645440e+02 -8.522200691847574205e+01 3.055799067756499454e+00 -5.972769618181334117e+00 -2.028774406246790107e+01 4.693271745770485559e+00
1.454000000000000000e+03 7.896719688716992778e+02 3.680623481122489160e+00 -1.466267765666242062e-01 5.063423815877468925e+00 -1.676055756116195727e+00 5.547556398074616979e+00 -3.104994966349057961e+01 -1.065754473136860980e+02 -3.542566821934864052e+00
1.463000000000000000e+03 7.895976221231921954e+02 -1.773118089043209267e+01 -4.167307279943213705e-01 -6.901707018269850380e+01 -8.662326172325597318e-01 1.362912177201035746e+01 -1.022734662070909195e+01 -3.576808789234217301e+01 3.543936415990910582e+00
1.472000000000000000e+03 7.702748079345547012e+02 5.782589878194119848e+00 1.435104390828652043e+01 2.045144729595343946e+01 5.029878311663748036e+01 2.918665357341392763e+01 2.751030180274511139e+01 9.729658365738816883e+01 -3.721213666425304378e+00
1.481000000000000000e+03 7.536125687246552616e+02 7.161557737692272774e+00 -2.549570315073018989e+01 2.532799058248826185e+01 -1.004734424753542612e+02 -3.315060623827537634e-01 -2.860241220199931433e+01 -1.024447864516591267e+02 4.773180996045316959e+01
1.490000000000000000e+03 7.436545926973388987e+02 -1.340982176534467385e+00 -9.085748935948197769e+00 -4.704995298350253208e+00 -3.595507771802889607e+01 1.792606736281049251e+01 2.527004018658153228e+01 9.227928338223233595e+01 1.404617024289370164e+01
1.499000000000000000e+03 7.259702752017499279e+02 -9.922239591188827035e+00 1.660133540544447328e+01 -3.843438136605092836e+01 6.748358078664655579e+01 7.656996723355455892e+00 1.985747345959178178e-01 9.346712192544797126e-01 3.662337042478363891e+00
1.512000000000000000e+03 6.895828725668724246e+02 7.266967379230531598e+00 -2.368526614959749033e+00 3.032181036124824658e+01 -1.106835229098465057e+01 1.759537179714510202e+01 9.566126082212974779e+00 3.677159029481163088e+01 5.622397337514279947e+00
1.529000000000000000e+03 6.190779124459231753e+02 -1.212180295920068263e+00 -6.890850022144018538e+00 -2.432865549574925623e+00 -3.122999358495167854e+01 -7.674369252641405126e+00 1.646583262853626906e+01 6.438497784755695363e+01 -8.335393889841370196e+00
1.546000000000000000e+03 5.827670359824304569e+02 1.833813965221213849e+01 -1.703615238968930257e+01 8.249779719742288364e+01 -7.797918615702333511e+01 3.744532663072162393e+01 -9.561161065110141521e+00 -3.850009536485850248e+01 3.942317976233654875e+00
1.563000000000000000e+03 5.297477479139864727e+02 -1.131772332358448763e+00 -1.530862318519158372e+01 -3.747477914592508785e+00 -7.441099815453740973e+01 8.712625832231477574e+00 -1.241398269009941657e+00 -5.208215972616635270e+00 -9.049612312194398100e+00
1.580000000000000000e+03 4.908877267557656978e+02 -9.799087062705519102e+00 -1.760330076781699660e+01 -4.923279907242702791e+01 -8.696629333910330217e+01 -1.136583563203799940e+01 -9.091202455493663237e-01 -4.811928270648174966e+00 -7.721909451335614349e+00
1.597000000000000000e+03 4.512481282816471548e+02 -1.031517305684685759e+01 -1.012236905389662844e+01 -5.368562707157276748e+01 -5.391704429054448156e+01 3.930500388307350335e+01 9.647646348876925515e+00 4.265398027488124200e+01 4.629567591391274384e+00
1.614000000000000000e+03 4.292257357114705201e+02 -7.626229182833037967e+00 4.783113442284232519e-01 -4.123772001727459724e+01 1.048031575241594737e+00 1.696011838078331380e+01 -1.841169946490274612e+01 -8.494929173131016853e+01 4.560619943790420905e+00
1.631000000000000000e+03 4.234889765322014341e+02 -1.888996233424166959e+01 4.215152695307486375e-01 -1.033114501778020013e+02 7.613496439644942271e-01 2.313196419285395322e+01 -9.059669286212480799e+00 -4.304083677368487315e+01 -1.233068103421758188e+01
1.648000000000000000e+03 4.166551115562087944e+02 -6.571369890557892113e+00 -1.248984389854777000e+01 -3.746076072757963260e+01 -6.709375333909561334e+01 -3.777117829170582031e+00 8.674439639630111998e+00 4.217113028071326397e+01 -1.940585405786006357e+00
1.665000000000000000e+03 4.228261604322778453e+02 -1.033440095627476474e+01 7.896951429144877466e+00 -5.995184950517985811e+01 3.979527422944776305e+01 4.509544772981880278e+00 -1.192445162985291063e+01 -6.108178541116174642e+01 -8.846075744610242708e+00
1.682000000000000000e+03 4.137767514818693826e+02 -2.992953398173647273e+01 -2.537495449571824224e+01 -1.889105463740035020e+02 -1.489812668110329525e+02 4.311004001796760576e+01 1.609307784168177591e+01 8.220732309169358132e+01 1.229474043854072818e+01
1.699000000000000000e+03 4.187234840152440825e+02 -4.162364882572250480e+01 -1.058056021627465526e+01 -2.614586891414107299e+02 -6.841617903808189283e+01 8.370951746127282433e+00 -2.531915875876294209e+01 -1.364301974864149543e+02 -1.851805318395658517e+01
1.716000000000000000e+03 4.199596780409940493e+02 -1.908517292644749475e+01 1.186264170461712908e+01 -1.272958150114906317e+02 6.664550476399018919e+01 -3.219707385560361956e+01 -5.583374721664555729e+00 -3.393068468514151448e+01 -1.207852115722955944e+01
1.733000000000000000e+03 4.442779127138796298e+02 -3.223672030030013502e+01 -2.838672428091899036e+01 -2.160330011909477150e+02 -1.802912692336477107e+02 9.229619528997799804e+00 -1.147516833932251235e+00 -7.388028152129343162e+00 -3.703850372572430416e+01
1.750000000000000000e+03 3.959563484472221262e+02 -3.528928355688151441e+01 -9.167973127366874309e+00 -2.435182597386572638e+02 -6.585634721234139022e+01 2.699457861696459915e+01 3.865821324260001024e+00 2.368819948638895312e+01 3.308276170403178895e+01
1.767000000000000000e+03 4.009612407999437664e+02 5.903854400031515404e+00 7.368021658797787588e+00 3.111354185298579722e+01 4.443032621190463516e+01 2.114530494396312932e+01 -3.663493506491268192e+01 -2.262623568883072096e+02 3.938540351295353759e+01
1.784000000000000000e+03 3.994514340970176818e+02 -1.911649977608250595e+01 -5.719347239378964609e+00 -1.426650679276921210e+02 -3.914167996764617641e+01 -4.286551536620948610e+01 -3.192166409020694573e+01 -2.026603897109102093e+02 -9.710236020380008881e+00
1.801000000000000000e+03 3.981704944558971420e+02 -1.024730882401210152e+01 -1.046559301933126918e+01 -7.773018671055784523e+01 -7.502032010757208980e+01 1.497290290807062618e+01 -1.435950474700134727e+01 -1.013239739104472932e+02 3.724809596033313142e+01
1.818000000000000000e+03 3.692077301506201366e+02 1.203674755831567289e+01 -3.513036614247012857e+00 8.801194372209478445e+01 -3.332159720745443821e+01 3.418999729019536460e+01 1.092016580702247630e+01 7.122053815427929635e+01 1.787846037591985038e+01
1.835000000000000000e+03 3.352047072964118684e+02 -2.251344711328613357e+01 5.971190291642620274e+00 -1.744846820034003656e+02 4.465847910809509358e+01 1.034796936332279138e+01 1.323557251343058105e+01 9.817303090718263547e+01 -2.044514265533834418e+01
1.852000000000000000e+03 3.238596451878199218e+02 4.698021973181122135e+00 -8.102017164517528514e+00 3.451906593771198573e+01 -7.005773000004894868e+01 -1.141632374771843850e+01 -3.566398089811942640e+01 -2.603299922264476436e+02 3.138920521607813185e+01
1.869000000000000000e+03 2.926992886742187352e+02 2.032138775903849837e+00 -2.193899514730696154e+01 1.745679176415735512e+01 -1.902737389624827529e+02 5.611165433067363040e+01 -2.200358268162833753e+01 -1.708903688772391263e+02 -1.609909138520880134e+01
1.886000000000000000e+03 2.929063409063152221e+02 6.539062777589230713e+00 3.888990666829754872e+01 5.577369976222427539e+01 3.345410990019614133e+02 -1.882969775915715616e+01 1.251172549148190960e+01 1.023837970939039792e+02 3.669624041501917588e+01
1.903000000000000000e+03 2.823554381666472182e+02 -2.152998253437922216e+01 1.167848791358445126e+01 -2.032419119283499640e+02 1.200595142915570790e+02 -7.884129033730752667e+01 5.013165019871777872e+01 4.118599777731050153e+02 -4.046348962307878594e+01
1.920000000000000000e+03 2.709022271660563206e+02 -6.044012468079546174e+00 -2.232900369440087829e+01 -7.192107918563434055e+01 -2.104696422442428343e+02 -3.565539790240147511e+01 3.275843794751305182e+01 2.787792455888556447e+02 -3.005226987005895634e-01
1.937000000000000000e+03 2.814869971479340052e+02 -2.351828772539963097e+01 1.441098353075462946e+01 -2.346274449886584819e+02 1.420878251027134525e+02 3.059187080374330492e+01 -1.040166445421103925e+00 -1.194633560436854758e+01 1.258901632457655495e+01
1.954000000000000000e+03 2.643525950020053301e+02 6.983388613876933881e+00 -3.638394928839362308e+01 6.389883896687163656e+01 -3.772489266042451277e+02 -5.773678229793789285e+01 9.385247074663160660e+00 8.463922416837928608e+01 -9.258785270372982268e+00
1.971000000000000000e+03 2.601983546656236399e+02 -8.658856676531815566e+00 1.781903867985342060e+01 -9.923077065190429380e+01 1.882369854413360883e+02 2.306909358337077620e+01 -2.319335518343642377e+01 -2.278477079196399018e+02 -1.375607476117875905e+01
1.988000000000000000e+03 2.631001682974497271e+02 -3.078691621970563830e+01 -2.791508035293923840e+01 -3.584347204699527083e+02 -3.273146202430737617e+02 3.341716491560787006e+01 7.031113579066106922e+01 7.000980982811474860e+02 -1.982118519830397219e+01
