# l Dl_TT Dl_TE Dl_TB Dl_ET Dl_BT Dl_EE Dl_EB Dl_BE Dl_BB
3.000000000000000000e+00 3.236948524218994407e+02 3.466931100646970076e+00 6.650574190233683458e-01 4.143224419924501412e+00 8.032656102530152387e-01 1.060234457787939677e+00 3.247368067727370300e-01 3.247451550994286396e-01 -1.138654422221299228e-01
7.000000000000000000e+00 8.510893529452135908e+02 5.341348566977980106e+00 2.872869188097601167e+00 6.139289989095033206e+00 3.434085072801572380e+00 2.382611307976899018e-01 -3.223462255030579149e-02 -3.223918072030555748e-02 2.122194122523738680e-01
1.200000000000000000e+01 6.988372889784355948e+02 1.543808759422647947e+00 -1.296814564493714572e+00 1.783866675576737837e+00 -1.615639901188808736e+00 1.995602799264915850e-01 6.970663911217751807e-02 6.972315523227164136e-02 -1.317611726711270803e-02
1.700000000000000000e+01 9.619452769223253199e+02 -1.644296915164976669e+00 3.033136693500378733e+00 -1.883263033811347187e+00 3.451471918039459297e+00 1.027082997468122538e-01 -1.705161825949729273e-02 -1.705350763868054148e-02 1.074236609960119299e-01
2.200000000000000000e+01 6.655506468119006058e+02 3.524139205051319834e+00 -2.983355953580437703e+00 4.168324630602097791e+00 -3.361451623424423385e+00 2.112956301386960389e-01 -7.234901941727492174e-03 -7.241227551272097669e-03 1.173941245953097623e-01
2.700000000000000000e+01 8.977647011396654761e+02 1.431720241343861444e+00 1.412501144135054121e+00 1.688685544524607396e+00 1.688446595212689472e+00 1.704082946049846614e-01 3.022985402821691883e-02 3.025957045213217844e-02 5.761797546315314961e-02
3.200000000000000000e+01 1.098830241737302003e+03 2.459099967726365410e+00 1.447230329253403003e+00 2.993417465020966617e+00 1.650417531179806829e+00 2.199682872378466436e-01 -3.705276352856798436e-03 -3.705175766573816365e-03 1.163976419598822670e-01
3.700000000000000000e+01 1.221521048899494190e+03 2.860194825959179177e+00 -4.364715602708649778e-01 3.294115438011966823e+00 -4.416627440201221222e-01 2.323340972601380672e-01 -5.786354618781205245e-02 -5.796812153873023149e-02 1.635141613653870452e-01
4.200000000000000000e+01 1.444036248607911602e+03 3.492623197221782938e+00 3.541021515287674504e+00 4.286702061441940437e+00 4.116069284942950546e+00 2.281635809373111223e-01 5.433240258109178766e-02 5.444904216196447960e-02 1.890334697546858789e-01
4.700000000000000000e+01 1.396858146650950175e+03 -1.770837986723161062e-01 -7.414655694638682126e-01 -3.461418514282515457e-01 -8.808138781159258190e-01 3.493143478558732307e-01 -8.049714033228203003e-02 -8.071461718910144523e-02 1.804495330454499238e-02
5.200000000000000000e+01 1.359227110857810658e+03 5.054641471987111334e-01 2.460954902084154128e+00 7.028512208663186822e-01 2.900866483841047838e+00 2.479414793222175228e-01 1.037240980106243909e-01 1.040784983161313348e-01 8.336571972935608033e-02
5.700000000000000000e+01 1.668398723834935254e+03 -2.247416312623731649e+00 -3.703274387627698783e+00 -2.562543955668759477e+00 -4.215694090059630916e+00 2.598665077544646262e-01 -1.233704626554205184e-03 -1.240078788200080218e-03 7.496317484886431959e-02
6.200000000000000000e+01 1.661174697431972845e+03 -4.662286457817900853e+00 3.316577575278393475e+00 -5.679479288902568257e+00 3.770657366521522391e+00 3.912794785831031907e-01 1.462158906347317197e-02 1.468965329651485650e-02 1.605844134027669887e-02
6.700000000000000000e+01 1.872843334783892033e+03 -2.936694800799909411e-01 -2.955906082603795060e+00 -3.738756643005666791e-01 -3.458209815704400114e+00 4.013775392459731917e-01 -4.726757492632856911e-02 -4.750824216250144200e-02 2.449295025065314352e-02
7.200000000000000000e+01 1.981952706946908165e+03 -1.087530239262504494e+01 -7.222570531767846802e-02 -1.303596798462521633e+01 -5.300455438134541591e-02 4.239693472683606634e-01 -1.383947103985029223e-02 -1.390893534148691588e-02 -2.008422943162522720e-02
7.700000000000000000e+01 1.750449661130796812e+03 -5.527745086361724347e+00 1.116140379938942440e+00 -6.676743442628693792e+00 1.208798559110312087e+00 6.331088916322713533e-01 5.742191146497115095e-02 5.780473556373284805e-02 7.123502857596375470e-02
8.200000000000000000e+01 2.147118286494377116e+03 -1.020086995144745856e+01 -2.254726917191686719e-01 -1.215986539789159515e+01 -1.628707526241082726e-01 4.716389261472990202e-01 5.757249254736233196e-02 5.804297282408352882e-02 1.542165154076150790e-01
8.700000000000000000e+01 2.361821455865645021e+03 -1.570286722517444389e+01 -1.224663397224458938e+00 -1.898319499602842342e+01 -1.426883764748900774e+00 5.760363543879420956e-01 9.207700294874877900e-02 9.288426423860748904e-02 1.461188632410844734e-01
9.200000000000000000e+01 2.433560010870757651e+03 -2.018882109092155730e+01 -1.199750431341409129e+00 -2.434138948951858694e+01 -1.478110894372938189e+00 8.396811812459897828e-01 -1.324031608789310623e-02 -1.340542907556721910e-02 -1.542658233080769839e-02
9.700000000000000000e+01 2.517931962745068631e+03 -2.547169358960652374e+01 1.777064484576449388e+00 -3.041365261518567564e+01 2.075120806369388671e+00 7.052037711562382238e-01 -1.169535130605828394e-01 -1.183189929161929665e-01 1.396216875823078907e-01
1.040000000000000000e+02 2.960723205615320239e+03 -2.552519950042331232e+01 1.509838317300444821e+00 -3.083889645065222140e+01 1.860349335041514562e+00 9.398660713862354577e-01 -1.946763706721252596e-01 -1.972244339855632744e-01 -9.523573961905802687e-02
1.130000000000000000e+02 3.173953910809390891e+03 -2.905768816797443321e+01 4.206378649396415703e+00 -3.534388408781043012e+01 5.008143862851866857e+00 1.040325933944853842e+00 -1.594186505854584546e-01 -1.618538841265599881e-01 7.803022475165524718e-02
1.220000000000000000e+02 3.423852329828509028e+03 -3.837040708515332454e+01 3.809579709998611174e-01 -4.629850118306298157e+01 6.634987160025080932e-01 1.178730256455192249e+00 1.921733454101721972e-01 1.957020168477946465e-01 1.459775735186366885e-01
1.310000000000000000e+02 3.617036074007823117e+03 -4.193827170042302299e+01 6.935532564044603276e+00 -5.093476038218563673e+01 8.175329735590132429e+00 1.150385823972599475e+00 -1.758585633422813099e-01 -1.793479045563827479e-01 -3.480077935825823254e-02
1.400000000000000000e+02 4.215199881136291879e+03 -3.767800850230987919e+01 3.644603500142447050e+00 -4.592074187709334154e+01 4.639536509372997664e+00 1.131985020721763435e+00 -1.505173638400480185e-01 -1.539469143854180488e-01 6.185660240961832201e-02
1.490000000000000000e+02 4.252685531418667779e+03 -4.310650438426326048e+01 8.528970915306782530e+00 -5.306264978496796658e+01 1.024507718943249834e+01 1.127355526766999017e+00 -1.046344225061971757e-02 -1.049733725442760987e-02 -7.589042252584204951e-02
1.580000000000000000e+02 4.783287437945193233e+03 -5.020121953491668165e+01 -3.966713270537388425e+00 -6.127346832900343543e+01 -4.779818804388022535e+00 1.180730076279565610e+00 -5.672247707745750600e-02 -5.828320535131522456e-02 1.563336826016438197e-01
1.670000000000000000e+02 4.853448455446711705e+03 -4.872886342599364440e+01 1.083749580505084076e+01 -5.994028317564878705e+01 1.344736676291458011e+01 9.498931716441936235e-01 -1.273214238132577281e-01 -1.317286776231464118e-01 2.173793006434758535e-02
1.760000000000000000e+02 5.071888007357320930e+03 -4.357468451516796648e+01 -9.651736794691258003e-01 -5.390516359782890987e+01 -1.255446499120835391e+00 9.584899149174480604e-01 -1.408166058567593970e-01 -1.458734516430418848e-01 1.314477601571776288e-01
1.850000000000000000e+02 5.354554420721795395e+03 -2.957742949182311065e+01 5.078590555291967235e+00 -3.682397567447971198e+01 6.322198788018433824e+00 9.245005560889124618e-01 3.255563233953166075e-02 3.411963983114062182e-02 8.882476323035642940e-02
1.940000000000000000e+02 5.480373786179085982e+03 -2.866887314925557817e+01 2.801555299836077317e+00 -3.551210537240856979e+01 3.376331931755865767e+00 7.563252980510735135e-01 2.040791767298395787e-01 2.131741442902576056e-01 -1.860586220129047397e-01
2.030000000000000000e+02 5.464665724117823629e+03 -1.344647117400782221e+01 -1.484414525857316480e+00 -1.670519546499457419e+01 -1.763498348830438101e+00 6.321965434903691339e-01 -1.448932989067460431e-01 -1.520718819603216476e-01 1.805857055761649621e-01
2.120000000000000000e+02 5.668076837896959660e+03 -1.330887638013408036e+00 -2.942923526780448218e-01 -1.703763661917872207e+00 -3.214446282829446222e-01 8.832998498063173720e-01 1.449462700848437868e-01 1.527719094169032177e-01 1.693660233185361741e-01
2.210000000000000000e+02 5.883892116752172115e+03 1.756899948241298759e+01 5.200430967286160389e+00 2.205289394320112351e+01 6.486662535798831009e+00 7.946393527910531329e-01 4.625595403115937976e-01 4.887612327609541230e-01 1.357663830471027566e-01
2.300000000000000000e+02 5.670818483579859276e+03 2.539378252123485069e+01 1.024039724554766773e+00 3.223848598235331764e+01 1.555474391338539819e+00 1.197991997291366850e+00 2.120783475771201299e-01 2.249565004213820163e-01 2.737202693496523231e-01
2.390000000000000000e+02 5.802911423838803785e+03 5.247733254178675821e+01 1.027299478018378487e+01 6.625535434050395622e+01 1.254665933092009666e+01 2.128201893313891091e+00 -3.067350186754570773e-02 -3.310362681146034741e-02 9.649037293094722689e-02
2.480000000000000000e+02 5.447995000881545820e+03 4.931356773273924432e+01 -8.753796549625498358e+00 6.364969044924450259e+01 -1.072100976848219389e+01 1.977754807498464551e+00 -5.200367247815083083e-01 -5.575785133164176122e-01 -8.745586287297069106e-02
2.570000000000000000e+02 5.213376456019938814e+03 7.502155609820914606e+01 1.401609527769538666e+01 9.590662689867166080e+01 1.766890632645056058e+01 3.482078747020270537e+00 7.006147416091854097e-02 7.459531004361578954e-02 -4.153544588574425295e-02
2.660000000000000000e+02 5.041681630828744346e+03 7.893341434005010626e+01 1.047419387346523756e+01 1.022203138298151401e+02 1.345983836157760294e+01 3.749464327833510691e+00 6.473625351803208305e-01 7.006520309905781563e-01 1.559477031546518677e-01
2.750000000000000000e+02 5.064597168633442379e+03 1.137762627464771015e+02 8.053057204751902509e-02 1.472215123696267369e+02 1.188516029405117108e-01 5.370270131381944978e+00 -7.003424735838557069e-01 -7.621793245369646863e-01 -3.169446520738178341e-02
2.840000000000000000e+02 4.569191506252795989e+03 1.069850976996981728e+02 1.675717318351442664e+00 1.392577948674648098e+02 2.522859518235415877e+00 5.885119806911954576e+00 -5.369277691775423134e-02 -5.845483224875834549e-02 2.815102801497975649e-01
2.930000000000000000e+02 4.341067723565482993e+03 1.158368560436913981e+02 5.772773512261742290e+00 1.520906173892194317e+02 7.296686906660336369e+00 7.818364144383480152e+00 4.095350903379775254e-01 4.495952507171724899e-01 2.759629267798027405e-02
3.020000000000000000e+02 3.927948569725118887e+03 1.123669837820274751e+02 3.436029460181231343e+00 1.481384363204023487e+02 4.760467675267765486e+00 9.874397128782057109e+00 -2.632407406078767220e-01 -2.912536931427520681e-01 -1.976626585868254127e-01
3.110000000000000000e+02 3.646796496290043251e+03 1.178603715095403004e+02 6.779611820120245547e+00 1.562465527308460196e+02 8.671736319180318731e+00 1.100526192190385366e+01 1.471423754166335529e-01 1.643591476472386903e-01 2.749691952878711154e-01
3.200000000000000000e+02 3.390168367854499593e+03 1.059116119088206887e+02 -1.031858835108262040e+00 1.418999688551674012e+02 -1.077620901589503966e+00 1.261200166842999337e+01 -3.205110742322665462e-01 -3.568990468338841260e-01 -4.226735499137902474e-01
3.290000000000000000e+02 3.189046266525821466e+03 1.208600820020640754e+02 6.559173306455054586e+00 1.619719763264771473e+02 8.595836463403058403e+00 1.510268060879498897e+01 1.280086724515238084e-01 1.440537169783039917e-01 2.974004422246855905e-01
3.380000000000000000e+02 2.823701636263785076e+03 9.826773349096764321e+01 1.167677756078305862e+01 1.331538690686563200e+02 1.582504728363742608e+01 1.560843768431958800e+01 5.764800303555639438e-01 6.542433612265726728e-01 5.170829117083233228e-01
3.470000000000000000e+02 2.506745547749041634e+03 8.382179467792566641e+01 4.570711558013733189e+00 1.141604619466631192e+02 6.145014015379239858e+00 1.546287529775161573e+01 -1.545454531611671067e-01 -1.732799744879324200e-01 4.744003706523333697e-01
3.560000000000000000e+02 2.370691653506557032e+03 7.460619191036866482e+01 4.559810026024965879e+00 1.021474039341830036e+02 6.302897423409208777e+00 1.887253277945630714e+01 7.261952524783993335e-02 8.482448620308015441e-02 1.907908056332753288e-01
3.650000000000000000e+02 2.207072075494024375e+03 5.253730782866667681e+01 4.852260684166844751e-01 7.298143124762856360e+01 9.150280572827588221e-01 1.747611171969607113e+01 9.942989533667379032e-02 1.148118837589048730e-01 -3.040784130469057489e-01
3.740000000000000000e+02 2.068349178893007320e+03 5.437534553300525175e+01 4.631729195364613361e+00 7.513354866402565335e+01 6.314111019712724371e+00 2.176820157064862471e+01 4.541945716627890928e-01 5.291647009833693183e-01 5.398511829518463090e-01
3.830000000000000000e+02 1.905389336169938360e+03 3.307490348486240350e+01 4.407896338034766437e+00 4.638473096658221095e+01 6.241256072766369734e+00 2.176870459770141508e+01 -8.153085429882455173e-03 -1.050365329219913116e-02 2.100496831791930086e-01
3.920000000000000000e+02 1.797494551437496511e+03 1.822647125574080462e+01 4.356239182966732848e+00 2.568550471469425744e+01 5.989604499492610756e+00 2.266487983752972113e+01 -1.198146058274367765e-01 -1.438605904997440066e-01 -6.532707817055610766e-01
4.010000000000000000e+02 1.741448750393753016e+03 1.446476534870344777e+00 6.009402886453031556e+00 2.077504756525393681e+00 8.655675124401218667e+00 2.143259807457742028e+01 -1.184924501553401843e-01 -1.403279590798670595e-01 -7.420728401468736912e-01
4.100000000000000000e+02 1.748657490703045369e+03 -2.531457604384740279e+01 -4.304495748875422301e+00 -3.607326682897375036e+01 -6.028582618148719874e+00 1.993797019269731052e+01 6.571020424130540327e-01 7.917442393036170367e-01 4.320253912817760833e-01
4.190000000000000000e+02 1.743870929164297650e+03 -3.189663217603795786e+01 5.464656416897671676e+00 -4.608553583804484788e+01 7.711666285879488214e+00 1.953779329692853750e+01 2.813826788839006721e-01 3.412367960390521038e-01 2.242093798096339297e-01
4.280000000000000000e+02 1.781143013137510025e+03 -4.800671007045181682e+01 -3.048251527624149748e+00 -7.000936908570378137e+01 -4.363237918989800512e+00 1.857586124607426115e+01 6.126068923319819004e-02 7.421059223332880650e-02 2.419149162943397824e-01
4.370000000000000000e+02 1.787975957916547941e+03 -5.875541882196800003e+01 9.034324768372620440e+00 -8.623139844263376119e+01 1.308005029934130015e+01 1.914299344512751944e+01 5.651647769136336485e-02 7.221155580760640902e-02 -5.114122487966095143e-01
4.460000000000000000e+02 1.866808881794549507e+03 -5.647184639013570973e+01 2.635553133176809837e+00 -8.383192592650203778e+01 4.012498498264339908e+00 1.746227508083731195e+01 4.229401345224957920e-01 5.233944669916255066e-01 -8.370530435833735128e-01
4.550000000000000000e+02 2.053335125856294781e+03 -7.371033284048873213e+01 5.143897644653857348e+00 -1.100894635648260760e+02 7.756475974571017673e+00 1.589574449430482694e+01 -8.670066030776237831e-01 -1.086336715275444842e+00 -2.318778939428679242e-01
4.640000000000000000e+02 2.238914134613334227e+03 -7.912136846670296109e+01 3.850985800406990567e+00 -1.192595628840905988e+02 5.859105320799907979e+00 1.430884059526390040e+01 -3.145260361990939724e-01 -3.968040542531759418e-01 -2.947120142824619649e-01
4.730000000000000000e+02 2.191196505587043703e+03 -6.917464477282048563e+01 1.493513837804135136e+01 -1.056696024530731819e+02 2.251609031208187517e+01 1.138493118069752619e+01 -3.909360996042228198e-01 -4.986121871154370333e-01 -3.706026726292031004e-01
4.820000000000000000e+02 2.308274221672427757e+03 -7.038365395733268315e+01 4.639356384670819011e+00 -1.080787908953523981e+02 7.331180106965994092e+00 1.048161653014666328e+01 6.026603626959797094e-02 7.767926527796682745e-02 8.812831593070149516e-01
4.910000000000000000e+02 2.421891830162702263e+03 -6.169908119695030990e+01 5.572496967526972433e+00 -9.531315394084882087e+01 8.615239488213662256e+00 1.132699262143742835e+01 1.110230175552411547e+00 1.442151177632222447e+00 1.748632255752941289e-01
5.000000000000000000e+02 2.449843840382030066e+03 -5.764392928276340200e+01 1.347527867399327839e+00 -9.057741958676074034e+01 1.897804030336547099e+00 9.270011209214018777e+00 -1.054699663712448110e-01 -1.384809997370938239e-01 4.859416272196906417e-02
5.090000000000000000e+02 2.597498791533050735e+03 -4.541106236639880933e+01 4.224046471248376733e+00 -7.181559090784134014e+01 7.075763433464103080e+00 8.328697021283355539e+00 -6.859897252928514044e-01 -9.109829306400401006e-01 1.312473496532769346e+00
5.180000000000000000e+02 2.577899890125133425e+03 -5.080629448416593164e+01 6.793214361378812072e+00 -8.105083858052184098e+01 1.048541277938520899e+01 9.618835630187838603e+00 -1.788009688252717222e+00 -2.397297480444267492e+00 -1.169543782183894189e-02
5.270000000000000000e+02 2.607762050612085204e+03 -2.546496398363715130e+01 -3.292281270461324016e+00 -4.124522664246174486e+01 -5.251618144263812127e+00 4.430320438698426067e+00 -6.315204174853875640e-01 -8.504730065759861235e-01 3.921408109253845531e-01
5.360000000000000000e+02 2.540993337145541318e+03 -2.712853985732220963e+01 6.798919406342800897e+00 -4.409788848785746040e+01 1.137822363548477966e+01 6.179167793091895788e+00 -3.982305261689361719e-01 -5.440956003848147482e-01 8.514893766454664226e-01
5.450000000000000000e+02 2.514259498278770934e+03 -1.068998682581552728e+01 -1.380001990636740894e+00 -1.741625655537558259e+01 -2.193472813551790690e+00 7.998978963020295652e+00 7.247519546985778938e-01 1.000591645361768922e+00 7.047629029147374213e-01
5.540000000000000000e+02 2.569265226268305923e+03 2.107749243309297071e+01 5.802136851234337200e+00 3.464316438711122714e+01 9.547302440200001072e+00 9.436349454610315490e+00 2.549557773017301354e-01 3.423142300362981838e-01 2.090570708940650668e+00
5.630000000000000000e+02 2.571777051098333686e+03 1.712311836497550743e+01 1.192227414797141449e+01 2.896300282601401221e+01 1.987584356758905102e+01 1.098296241320272060e+01 2.827862836269311453e-01 3.945352996799311174e-01 -2.280002395458091247e+00
5.720000000000000000e+02 2.422699308925852165e+03 2.010331802429309889e+01 1.279065879844465403e+00 3.428824030377588628e+01 2.553754193024320163e+00 1.259981666937219025e+01 8.143235548619485314e-03 1.558880168857918608e-02 1.729023976739706425e+00
5.810000000000000000e+02 2.419310990686053628e+03 2.154331244987550065e+01 9.883346871535136913e+00 3.713743049172519051e+01 1.663603780233814433e+01 1.743768256675717510e+01 1.587308320629849667e-01 2.370439766969517081e-01 2.448962485608618955e+00
5.900000000000000000e+02 2.394154878635395107e+03 2.959972228069580780e+01 1.276304173752634341e+01 5.118660820805200729e+01 2.228260778084514726e+01 1.635087385297444840e+01 1.782945282581560376e+00 2.605401915256688294e+00 -5.195357376414313499e-01
5.990000000000000000e+02 2.226337870636446496e+03 3.431546264704386573e+01 1.236153939107962429e+01 6.092515832108459506e+01 2.177318188476544236e+01 1.943891301384238091e+01 2.700764710260211698e-01 4.112707533913597113e-01 -2.376141317563557287e+00
6.080000000000000000e+02 2.135753219207593702e+03 3.621781431418022379e+01 -1.939410093104858124e+00 6.407828117043226257e+01 -2.974106382413644667e+00 2.319229156011547843e+01 -1.714296491421529289e+00 -2.555286623450309769e+00 1.167975388422177963e+00
6.170000000000000000e+02 2.150440840436258441e+03 3.420915974057323439e+01 8.063335430114893398e+00 6.153417107145489240e+01 1.434525447182662461e+01 2.700130481624286105e+01 5.871939717459709884e-01 8.790013764204130942e-01 -1.122015882774814344e+00
6.260000000000000000e+02 1.974787442343801104e+03 1.164857425268239766e+01 1.108132954539837911e+01 2.123393862949772881e+01 1.969745691308103730e+01 2.739163562201853352e+01 -4.571263597039625926e-01 -6.922715738164741950e-01 -1.399924325434973138e+00
6.350000000000000000e+02 1.965179147333059518e+03 -6.335308901936681503e-01 -1.052947252475935569e+00 -1.043732276540609405e+00 -1.282740640539789645e+00 3.179338940950104586e+01 -8.378671473214784893e-01 -1.287120965599347855e+00 4.990846830113552790e-01
6.440000000000000000e+02 1.876977094230481271e+03 -3.976632016510180279e+00 -1.328657492625376246e+00 -7.788611123904093603e+00 -2.782313218198654958e+00 3.395117611647717126e+01 9.957882372209241051e-02 1.700435905129286940e-01 5.805324637669746490e-01
6.530000000000000000e+02 1.855059284037723728e+03 -2.036465493914179348e+01 -1.168394961969015711e+01 -3.783910359229795972e+01 -2.192075309565588981e+01 3.498455993823583299e+01 -1.036049423715429185e+00 -1.651201114143217685e+00 -5.091392441344595454e-01
6.620000000000000000e+02 1.869485848546363968e+03 -2.715715734325208075e+01 6.668335956572263967e+00 -5.215907344681914282e+01 1.261839163829832700e+01 3.739506583384078908e+01 9.029764038137678694e-01 1.459554978620018595e+00 -1.746406044807951696e+00
6.710000000000000000e+02 1.828358244222206395e+03 -4.242354478635687087e+01 1.395403700737215313e+00 -8.288688532911473317e+01 2.870699666924585447e+00 3.988492001093635508e+01 4.440178164866775745e+00 7.228633610171802282e+00 -6.708858588888867436e-01
6.800000000000000000e+02 1.779013423271533838e+03 -6.854639152330031493e+01 7.945271911036322798e+00 -1.349805103820993963e+02 1.512010016808029711e+01 3.593385832293290605e+01 8.427706559559764443e-01 1.398149111659512167e+00 1.075837508429235534e+00
6.890000000000000000e+02 1.832377638693576273e+03 -8.442328934895165560e+01 -1.335268272751437335e+00 -1.673680240756435751e+02 -1.954610747013220795e+00 3.725736128889803211e+01 -3.002661392923539285e+00 -5.058559575377032047e+00 -3.674979967285564864e-01
6.980000000000000000e+02 1.906347603897585941e+03 -8.828301563629135273e+01 1.356368855373921534e+01 -1.788647908205851991e+02 2.697668037276736541e+01 3.993083446666999947e+01 -2.347397217467683816e+00 -3.986225157492478743e+00 -1.138641212989668805e+00
7.070000000000000000e+02 1.911286465827789470e+03 -1.015330733686159306e+02 1.429231136768550314e+01 -2.075716389041368188e+02 2.900780600203551529e+01 3.806606341526079262e+01 8.147344596317793730e-01 1.396872136011867882e+00 6.425803754567895876e-01
7.160000000000000000e+02 1.946390659034928831e+03 -1.039960932023535491e+02 -5.851838924260105657e+00 -2.163502580820980086e+02 -1.167592596200542943e+01 3.791848494960962057e+01 1.166655467758570985e+00 2.046998309739929578e+00 1.982036844378799012e+00
7.250000000000000000e+02 2.011495488402284536e+03 -1.231018916775663712e+02 8.301966114376767791e+00 -2.588606240615574166e+02 1.757598817959502924e+01 3.094957925898924245e+01 1.622956196424071740e+00 2.843371421751486938e+00 2.620320126102066993e+00
7.340000000000000000e+02 2.069570027735750955e+03 -1.348431034640625228e+02 8.402940127684308536e+00 -2.871893777274478907e+02 1.749830319368237497e+01 3.589343693429693616e+01 -1.430055141038744315e+00 -2.567790011883828605e+00 -1.437661546453213646e+00
7.430000000000000000e+02 2.203963055887617884e+03 -1.208956434100895763e+02 4.178206951680694559e+00 -2.619212767210590869e+02 9.633190135152380762e+00 2.672520235647667874e+01 -2.397693943240586378e-01 -4.218062768235238402e-01 -1.079153215079847294e+00
7.520000000000000000e+02 2.277831009745932533e+03 -1.251103595913637605e+02 1.579884586504634036e+01 -2.746944338917459731e+02 3.443379634163812852e+01 2.778585630435835085e+01 -4.337385616826394119e-01 -7.738206768466606711e-01 2.979490669624330068e-01
7.610000000000000000e+02 2.349259771626929250e+03 -1.177033347077340295e+02 1.465742932670992360e+01 -2.624746081883488387e+02 3.217163822734749345e+01 2.276416797715577545e+01 9.852857746070173839e-01 1.831749501421296999e+00 6.036535678475326350e+00
7.700000000000000000e+02 2.355532381921991146e+03 -1.119527549175514594e+02 1.765727394364701297e+01 -2.522533832609716455e+02 4.045382367089746367e+01 1.620685968254221621e+01 -2.102335093883691552e+00 -4.003270236399654181e+00 -2.129348571243783184e-01
7.790000000000000000e+02 2.347509102415327561e+03 -8.387728128340918943e+01 1.134632762867494904e+01 -1.940968841551195680e+02 2.587861313248247086e+01 1.970062283796900005e+01 -4.829008655253311799e-01 -9.194483207052128737e-01 -2.459169726837042713e+00
7.880000000000000000e+02 2.497757314541797314e+03 -1.048574091733062232e+02 -4.781141959480225800e+00 -2.431549843225816403e+02 -1.122004649051308078e+01 1.894492624374440481e+01 2.500463350053817813e+00 4.871733028968565193e+00 -3.236793022767796568e+00
7.970000000000000000e+02 2.472984755485827918e+03 -7.704120131256637194e+01 5.334181784664755455e+00 -1.819141156127697059e+02 1.293507121586309694e+01 2.306309810409663186e+01 3.291654104534046610e+00 6.512154688910420930e+00 2.919041241706776812e-01
8.060000000000000000e+02 2.520589611846572552e+03 -6.683385382027722699e+01 1.977042490624084436e+01 -1.603694741565616368e+02 4.701970314868977141e+01 1.867540187099509197e+01 -1.251770637205875891e+00 -2.534055961205382790e+00 2.293942888529109325e+00
8.150000000000000000e+02 2.582654094583102506e+03 -4.687380391098409405e+01 1.192445144573433247e+01 -1.156045412787203617e+02 2.853992019928805846e+01 1.105504380698354971e+01 3.397070325106692490e+00 6.958313986624165004e+00 -3.383591876845929214e+00
8.240000000000000000e+02 2.539604285455495756e+03 -5.152713718281665223e+01 -4.033893895019192932e+00 -1.268604673006134078e+02 -9.429969399978867628e+00 5.307641935775233577e+00 3.226725071165540193e+00 6.733125538357670692e+00 9.740526634540533912e-01
8.330000000000000000e+02 2.509771610188407976e+03 -1.700924404066977758e+01 1.715226731527859982e+01 -4.253014880382067986e+01 4.407973781262292334e+01 1.271095857085326308e+01 -4.412326997798620809e+00 -9.328175694530044026e+00 -2.602267114983852103e+00
8.420000000000000000e+02 2.528152343778997874e+03 -9.174316165555259417e+00 2.329071753011996648e+01 -2.404169894515111139e+01 5.799624224011591167e+01 1.372090688076625753e+01 4.321802665180310754e+00 9.232595085514535782e+00 -9.369109690107991772e-01
8.510000000000000000e+02 2.389763373693950143e+03 3.549241840248585689e+00 2.389224671591658478e+01 9.148494675468660020e+00 6.260094206994535426e+01 1.637416985857315055e+01 -3.800977942701531997e+00 -8.258141562762622456e+00 -2.426688949547755492e+00
8.600000000000000000e+02 2.372617909784275071e+03 2.230718387138471481e+00 1.031605055933213855e+01 6.599204351098712173e+00 2.794402238437742625e+01 1.592625524331892528e+01 -1.116989300037124933e+00 -2.441773153420593534e+00 -1.987271225892081050e+00
8.690000000000000000e+02 2.263811923512145313e+03 3.448792994900595232e+01 1.084413385961653020e+01 9.241298839575175350e+01 2.881346267789987436e+01 1.754498475607813646e+01 4.038856374286701190e+00 9.133225445548296406e+00 -3.599349821999498378e+00
8.780000000000000000e+02 2.176346423003962173e+03 5.267610570824298577e+01 2.882947813940786830e+01 1.427308730724411987e+02 7.954575535756687543e+01 1.454167296095360484e+01 5.767245284475072786e+00 1.326599308020847090e+01 1.543842215219360714e+00
8.870000000000000000e+02 2.098975367299421578e+03 3.504736872488519595e+01 2.160999701486262836e+01 9.949831339746143044e+01 5.960210890364593439e+01 2.989833123590537056e+01 -3.886789367238014492e+00 -8.996735075684293648e+00 6.393604318333633074e+00
8.960000000000000000e+02 1.966482874559969332e+03 6.858009906734962158e+01 9.047820232506538218e-01 1.930818747777504427e+02 3.748494905875348948e+00 2.702461482758415912e+01 8.547299025735970446e+00 2.029616995740475716e+01 -1.576331136462527871e+00
9.050000000000000000e+02 1.851570466467919914e+03 6.334680780963559243e+01 1.817029332825496013e+01 1.826187014948582146e+02 5.216922563029368121e+01 2.184849416104799502e+01 6.208984048682926193e+00 1.501496979573740553e+01 3.736220782563487663e+00
9.140000000000000000e+02 1.762064545940121889e+03 6.674086736473434200e+01 3.186564509415815749e+01 1.955475007872000504e+02 9.154778131116457018e+01 3.244782752656734459e+01 2.521409657177347885e+00 6.172154883051316432e+00 3.882847515703014896e+00
9.230000000000000000e+02 1.633483728547863166e+03 6.973592856084999880e+01 -7.235433933776932447e-01 2.088575006992340946e+02 -1.133045858430934194e+00 4.133905914702287276e+01 6.468247422382045642e+00 1.616344995113514571e+01 -6.345971156689906856e+00
9.320000000000000000e+02 1.576717496696626540e+03 6.536657494190832551e+01 6.146794909321245948e-01 1.972952865031041085e+02 2.850691091256537746e+00 4.551805220957584197e+01 2.449980023217389391e+00 6.289991641827020530e+00 9.527973399175482250e-01
9.410000000000000000e+02 1.444444851206323619e+03 4.079029539709538454e+01 1.519813860251011306e+01 1.279957009562508574e+02 4.533071791839899589e+01 3.575443276582004870e+01 1.392834297072257810e+00 3.770641095704773349e+00 -1.092906006298877353e+00
9.500000000000000000e+02 1.355533921377269053e+03 4.776996543632003522e+01 1.432581144053540356e+01 1.489955203580111913e+02 4.656913850235886798e+01 4.253192999865795088e+01 -3.277168729815770565e+00 -8.671283323098093021e+00 -1.334616486611112318e+00
9.590000000000000000e+02 1.314161586968461052e+03 2.664037752558789407e+01 2.484799611352609361e+01 8.593993090252928368e+01 7.829328249195698675e+01 4.707503407795630324e+01 1.732324071384785169e+00 4.519960513226387810e+00 2.771528822302649075e+00
9.680000000000000000e+02 1.253899763398081404e+03 1.422807988220730735e+01 -5.598521042241660695e+00 4.637493444224899974e+01 -1.665565799077996445e+01 3.294694563177836955e+01 -2.191729618167822302e+00 -6.077198159066238503e+00 -5.918219662967414862e+00
9.770000000000000000e+02 1.160459691263573859e+03 8.365286942201704434e+00 1.054976709093274323e+01 2.836153055049719640e+01 3.509080093143339241e+01 4.060253513080836996e+01 5.936571156142858463e+00 1.660430591589288341e+01 6.965218855491674965e-01
9.860000000000000000e+02 1.119120682292261563e+03 1.496313046128492807e+01 2.610186226289353328e+01 4.931006055636223095e+01 8.661494181194129283e+01 3.121243559079389129e+01 4.104606759460267540e+00 1.174857100267557009e+01 8.076746555999584132e+00
9.950000000000000000e+02 1.098243197576282910e+03 -1.959622262604337095e+01 1.693209368447353214e+01 -6.646902415419685894e+01 6.035428286855518820e+01 4.202119150489319566e+01 2.967524831218013137e+00 8.625112298662378052e+00 -3.218534443913825260e+00
1.004000000000000000e+03 1.040855809102154353e+03 -4.714051946357266765e+00 6.057218848996655858e+00 -1.846165868328229465e+01 2.069041383944951207e+01 3.936745669415231674e+01 1.292004413688770503e+00 3.978151382226112975e+00 9.713864140500611200e+00
1.013000000000000000e+03 1.092535990925663100e+03 -4.000652214484500746e+01 7.472324653681484463e+00 -1.430726670465955124e+02 2.631692374445282212e+01 4.103876943234171648e+01 -3.778812654828444195e+00 -1.157256309216175971e+01 -5.453983674470115339e+00
1.022000000000000000e+03 1.047738309178781037e+03 -3.315703285096521569e+01 1.511253629743272597e+00 -1.204627528602425883e+02 7.771989785993828725e+00 4.592554188457964415e+01 -1.411538863616603301e+01 -4.343981465657797258e+01 8.072335841865758255e+00
1.031000000000000000e+03 1.057576388947855776e+03 -6.513979558531997327e+01 2.019245084274581359e+01 -2.437573318262968485e+02 7.371843395166797563e+01 3.367536781085434683e+01 -5.301116419294069182e+00 -1.660918139588706666e+01 4.503246807209436930e+00
1.040000000000000000e+03 1.079418646963843912e+03 -5.941371090124919618e+01 8.964684149340419239e+00 -2.276920393983788244e+02 3.562276745419296731e+01 2.896743526718082862e+01 -1.386743202755999382e+00 -4.563574249359280799e+00 4.926815596143479858e+00
1.049000000000000000e+03 1.108450787459865978e+03 -7.219001316208336050e+01 1.340457021235016200e+01 -2.815015235424125422e+02 4.970120447491409976e+01 2.788118853922584606e+01 -1.111036012441564225e+01 -3.628812222243801955e+01 -5.695681369629393309e+00
1.058000000000000000e+03 1.153815405398901703e+03 -1.114261989812485467e+02 -1.075214212937743952e+01 -4.399455514789962081e+02 -4.030650348965631480e+01 4.598544372136179703e+01 -5.075958390185289382e+00 -1.689083503882608284e+01 -2.815656019753855599e+00
1.067000000000000000e+03 1.147612234492260313e+03 -6.606499649584104361e+01 1.135682549932934271e-01 -2.711950625251891438e+02 1.561618318294544450e+00 2.989608570934987242e+01 6.062562476723300620e+00 2.069721187675411755e+01 7.969015975949739206e-01
1.076000000000000000e+03 1.177413489370986554e+03 -7.697857498526576592e+01 1.340023312989321802e+01 -3.171764304875179619e+02 5.456074344884460459e+01 3.777121416487797489e+01 1.216941520160978563e+00 4.205398565897640495e+00 1.018354408689947732e+01
1.085000000000000000e+03 1.237867610643816988e+03 -6.371508565667366497e+01 1.325811622076403040e+01 -2.698524571775666914e+02 5.499170708125896567e+01 2.484198751936338923e+01 3.277375032380327902e+00 1.177651761258016094e+01 1.911700475975900870e+00
1.094000000000000000e+03 1.243097843294834547e+03 -6.888049143421423537e+01 1.076438573451672021e+01 -2.973768219770155952e+02 4.716389225328914847e+01 2.532389494376487704e+01 -7.294486078095080650e+00 -2.626044200110932891e+01 -8.246059658991377050e-01
1.103000000000000000e+03 1.241875164798452715e+03 -6.234562259695841391e+01 1.895225948956710482e+01 -2.763886686375242903e+02 8.375607093014419036e+01 2.380917756546523378e+01 -1.170635077000856228e+01 -4.310097719765596480e+01 -2.075376200771230373e+01
1.112000000000000000e+03 1.228010232988891630e+03 -6.255669772511899396e+01 2.540648967152356619e+01 -2.812541616419203478e+02 1.139774080983451654e+02 1.754351882786278694e+01 -4.774101545397416935e+00 -1.774331673666090126e+01 5.435740476421198508e+00
1.121000000000000000e+03 1.259619493204397486e+03 -5.052028269576162245e+01 4.530414253102004629e+00 -2.314393660918522642e+02 2.108553035640756690e+01 2.346285865449878827e+01 -4.626528592222486580e+00 -1.811414141554116242e+01 -5.356225006674309341e+00
1.130000000000000000e+03 1.252423111335175236e+03 -3.703325037872384229e+01 1.528040642353162326e+01 -1.757821520086676514e+02 7.056744010338195494e+01 2.050932188113906207e+01 7.392136909646655596e+00 2.922323012147815291e+01 -2.886715495589040170e+00
1.139000000000000000e+03 1.250301854245590903e+03 -4.743747581645392586e+01 1.881448493305861902e+01 -2.265042225255836286e+02 8.882396771087677223e+01 1.655577134189677579e+01 -1.154906946210173402e+01 -4.671175389135395051e+01 5.514951547585408953e+00
1.148000000000000000e+03 1.252061400834570577e+03 -4.531399463478183520e+01 8.079000414164346111e+00 -2.238115648935500985e+02 4.031746530409568408e+01 8.662090163118472574e+00 3.140279214170872191e+00 1.332555762836445368e+01 3.126611752940500200e+00
1.157000000000000000e+03 1.252874484948592453e+03 -1.981409527995923980e+01 6.721002957521284848e+00 -9.784328780555978256e+01 3.295099025394833347e+01 1.722843530845333859e+01 5.306591058481020085e+00 2.312258005884483580e+01 1.416673484222714663e+01
1.166000000000000000e+03 1.178796494317301040e+03 -2.298398868614182433e+01 2.878596270855329919e+01 -1.209654735045792791e+02 1.471265739818433360e+02 3.231156824475269218e+01 -8.437610798529714629e+00 -3.686052578637394106e+01 -1.435134809930107025e+01
1.175000000000000000e+03 1.163022125606493773e+03 -1.045390387519864817e+01 6.966979755248233097e+00 -5.609734161439499900e+01 3.830902045911064846e+01 -1.918220881819023171e+00 -6.583504191174200937e-01 -3.002970258226055122e+00 -1.312573386420148580e+01
1.184000000000000000e+03 1.167055329567295303e+03 -1.114723094371733403e+01 2.136427873925460119e+01 -5.829453952760640334e+01 1.132853108701325766e+02 3.339265667798885318e+01 4.805339551882951810e+00 2.099089270663548135e+01 6.930876925133517830e-01
1.193000000000000000e+03 1.097592921256705722e+03 1.286604495915091029e+01 1.107783947751992137e+01 7.076547897129681530e+01 6.144005514065496243e+01 -7.004345050140126538e+00 1.002439043992560030e+01 4.613758210990341269e+01 -7.685202458855981078e+00
1.202000000000000000e+03 1.031382253071777541e+03 -1.547499923913214559e+00 6.661318276078106670e+00 -1.115968502092293058e+01 3.853998693404732023e+01 9.515834301753447022e+00 1.764809223016298390e+01 8.393185766417265370e+01 1.034045339881559045e+01
1.211000000000000000e+03 1.000900002028162135e+03 -9.482030966818539852e+00 2.652728673354177502e+01 -4.998260004390581912e+01 1.512710191263774391e+02 2.951579715974067497e+01 -1.653192999770261906e+01 -8.011844614123643282e+01 -1.277799123560869665e+00
1.220000000000000000e+03 9.913232374749136397e+02 2.948896244847233206e+01 1.131595636087603118e+01 1.671526714509365377e+02 6.849282254201654041e+01 2.398914245264415968e+01 8.724654530739748282e+00 4.365626461345477338e+01 -3.652589679611311091e+00
1.229000000000000000e+03 9.400321777287598479e+02 -6.699394244621651451e-01 2.139196949777817736e+01 -5.085857169497798314e-01 1.297094903134965307e+02 3.771982879587314841e+01 -8.529144013315522743e-01 -4.099267673456972183e+00 1.459498364109529334e+01
1.238000000000000000e+03 8.980947312951177537e+02 -1.614516411063709356e+01 7.734693565968107087e+00 -9.821751397772365522e+01 4.762618925242898626e+01 3.436698804728171552e+01 -1.056114302373942948e+01 -5.501076317414786843e+01 -8.391650643878049820e+00
1.247000000000000000e+03 8.750354278267323025e+02 2.410362410620528451e+01 -1.692889982114640546e+01 1.471559557740100956e+02 -1.067537112750410699e+02 2.264329212068777153e+01 -4.645900749350082570e+00 -2.461048906474335851e+01 -1.330484896650370530e+01
1.256000000000000000e+03 8.231853183118554398e+02 -1.964273154711427694e+01 -1.150950393824215467e+01 -1.250678854403188325e+02 -7.273111706287930645e+01 1.280306110600860059e+01 1.171358024934294306e+00 7.057019130884780722e+00 1.565813564530063218e+01
1.265000000000000000e+03 8.179344130723428634e+02 -7.310918917626610281e+00 -2.531495163105197221e+01 -5.063944744050763092e+01 -1.717112208108172808e+02 5.996950201110408329e+00 -2.244948801939181493e+01 -1.262812501677875758e+02 6.402265653049749261e+00
1.274000000000000000e+03 7.888058570249373815e+02 -1.080059504818976812e+01 -8.070776514886901509e+00 -6.901320556679954166e+01 -5.662207976993051517e+01 2.727045245948957941e+01 -4.711517698962459200e+00 -2.653145248625764907e+01 3.736679196592229690e+00
1.283000000000000000e+03 7.543877395284748673e+02 -4.210360077324636308e+01 -1.167807197185430113e+01 -3.003913830291527916e+02 -7.670970849906646549e+01 3.682710060449990408e+01 1.037814768851762182e+01 6.084898552929959692e+01 2.093326325045437386e+01
1.292000000000000000e+03 8.113888499472883495e+02 -2.414014760158208617e+01 4.777761507288120768e+00 -1.744985539112574600e+02 3.218595890590187736e+01 3.785704388010100274e+01 -2.949976681301999193e+00 -1.769097737750130150e+01 -3.084143006345993143e+01
1.301000000000000000e+03 7.524942083796645420e+02 -7.046280263454340798e+01 2.430788032234888263e+01 -5.163158899583064567e+02 1.759692253558186508e+02 1.730843731212837611e+01 5.924555442766347824e+00 3.547526540968595299e+01 4.052015573654756508e+00
1.310000000000000000e+03 7.474016557353293138e+02 -4.059114373380087670e+01 4.052363580210369065e+01 -3.062563368825228736e+02 3.065188797477369462e+02 1.755124173312901803e+01 -2.635590034182005681e+01 -1.668209431980370709e+02 -1.847863462775433874e+01
1.319000000000000000e+03 7.474919538084567421e+02 -1.068557914253830887e+01 3.356487723109528787e+01 -8.848933718054067299e+01 2.593789586762746922e+02 3.152924166339412793e+01 -5.813431447746697955e+00 -3.796825546700032561e+01 -5.525933861406936209e+00
1.328000000000000000e+03 7.498218050355261539e+02 -5.537331778655607195e+01 -2.380194063556496431e+01 -4.370626855137651319e+02 -1.832876176693835646e+02 6.438351231317362533e+01 -5.085289092210356188e+00 -3.520901751567886606e+01 -8.839253391080140076e+00
1.337000000000000000e+03 7.505211488124272137e+02 -6.552984330362285448e+01 -1.546258793155545597e+01 -5.434259859457573612e+02 -1.180071383129889568e+02 2.189109240650067179e+01 -3.249823916433006943e+00 -2.261135566851206491e+01 1.029201194235530004e+01
1.346000000000000000e+03 7.394979445576449280e+02 -7.626546301326918353e+01 2.907263925702108054e+01 -6.369171761107785414e+02 2.374370824521521399e+02 3.483918317416029709e+01 1.860637347133667419e+01 1.321284171635726921e+02 -3.134149908174369159e+01
1.355000000000000000e+03 7.807347423323520843e+02 -7.569667616269971688e+01 -2.910395464516488229e+00 -6.533188187500268214e+02 -2.609067968855912056e+01 5.435043050073153914e-01 3.133472991319304768e+01 2.264655398329965408e+02 -8.514896538822574357e+00
1.364000000000000000e+03 8.137349821705738577e+02 -6.209714556273651453e+01 -1.230725310708648657e+00 -5.519027984378386691e+02 -1.804015841227442252e+01 5.745107909371647992e+01 1.907740505794031804e+01 1.401924355125290447e+02 -1.830816606498807175e+01
1.373000000000000000e+03 8.045342910100018798e+02 -4.729200634243326107e+01 -9.590120061672884333e+00 -4.272059272584080531e+02 -7.754379719540727933e+01 -1.657425819581824911e+01 1.298724246871118027e+01 9.879545755239227844e+01 5.754543465475616237e+00
1.382000000000000000e+03 8.152476124144855021e+02 -4.904195509445671064e+01 -3.933364180937250154e+01 -4.646555996413670755e+02 -3.720884321432820343e+02 4.469912986965979229e+01 1.271283960515042999e+00 1.047963823220614010e+01 4.968807305834468480e+01
1.391000000000000000e+03 8.407180789531747678e+02 -6.513070440485370227e+01 4.710602654344120843e+00 -6.191552516622518851e+02 4.404551511786933560e+01 -4.614189574446412223e+01 1.367856012152459400e+01 1.112563524647606243e+02 -1.897112862987331638e+01
1.400000000000000000e+03 8.562432540208114915e+02 -4.452023850219170953e+01 1.276326829563757315e+01 -4.442533698626427849e+02 1.239591003920372714e+02 -1.368005060932280914e+00 -6.809180500337156161e+00 -5.403117292291293694e+01 -4.757999755408637554e+01
1.409000000000000000e+03 8.395258552021026617e+02 -7.763563664150782984e+01 -1.082985101041174225e+01 -7.885532403555708925e+02 -1.100497214814550802e+02 -6.272240794718537238e+00 -2.293930797184452075e+01 -1.966154550988667324e+02 5.913864842695006274e+01
1.418000000000000000e+03 8.156666945713884616e+02 -8.131590365879183935e+01 -2.431183299014812782e+00 -8.420436648184144133e+02 -1.643576361619304649e+01 2.226667374744951999e+01 -1.363142071463367522e+01 -1.168873673372221020e+02 2.142730090294405443e+01
1.427000000000000000e+03 8.285565551504371342e+02 -5.848587272165549678e+01 -2.728514977052700186e+00 -6.264206823638220385e+02 -3.736763888085415175e+01 5.465717688655163187e+01 1.752061037982669234e+01 1.576523540203942275e+02 -2.191473402232920620e+01
1.436000000000000000e+03 8.239570751018906094e+02 -2.833105833345758029e+01 6.773033651375404141e+00 -3.225642159159087328e+02 6.457878741559819957e+01 5.581819914738949251e+01 3.544440669853182868e+01 3.295327455892800117e+02 2.183828881647259124e+01
1.445000000000000000e+03 8.282718565558202499e+02 -6.858334764448757426e+01 -3.440470649300195305e+01 -7.659401922083193313e+02 -3.924708688043145344e+02 1.580556912972152439e+01 1.786489174621028297e+01 1.744995013955354750e+02 1.216587436412671863e+01
1.454000000000000000e+03 8.137009617320067036e+02 2.766413776264773716e+01 1.989646923637992160e+01 3.115134628126645566e+02 2.343677664448312896e+02 -3.097180169000917616e+01 -6.113179068499453450e+01 -5.978026526726354177e+02 7.837939313412741749e-01
1.463000000000000000e+03 8.114611427379950328e+02 9.150112145943452902e+00 -2.530999154849281751e+01 1.042072701837117563e+02 -2.925779414069256745e+02 6.296522616265159655e+01 -1.020647040391834359e+01 -1.054581936764513301e+02 -2.266101898160893313e+01
1.472000000000000000e+03 7.784773006001215663e+02 2.562427003615107424e+01 2.611058510214285988e+01 3.188780015055303352e+02 3.096666326098509217e+02 -1.322581140932412858e+01 7.109483904718571523e+01 7.364301657080480936e+02 -2.116124867820987276e+01
1.481000000000000000e+03 7.573228968052113714e+02 -4.272631151326979193e+01 3.696950364342872319e+01 -5.227597673372461031e+02 4.657698883126182068e+02 -3.028177114933065184e+01 -8.934301050672705458e+01 -9.578745002435682636e+02 3.103015540927179927e+01
1.490000000000000000e+03 7.676855539951783385e+02 2.489462095760745441e+01 -2.963510844808180522e+01 3.009256467540216704e+02 -3.806141881857950580e+02 1.946037418643325356e+00 1.069197283978564528e+01 1.157971660620445249e+02 -6.129219623587175647e+00
1.499000000000000000e+03 7.472130208208232034e+02 -2.947174719480958416e+01 1.886407934799166597e+01 -3.965537241694798354e+02 2.554136429093709353e+02 6.820834193828407166e+00 -5.528158555510029259e+01 -6.253053318603025446e+02 -2.457060428314237299e+01
1.512000000000000000e+03 6.519717209127300066e+02 5.142500434605821180e-01 -4.418693123141441248e+01 1.652283120032231523e+01 -6.104084651160411568e+02 6.124268551874897781e+01 -1.826023018874878545e+01 -2.051978423680922674e+02 2.760819886585868232e+01
1.529000000000000000e+03 6.113854930958113982e+02 9.608090607430526120e+00 9.083524997241847032e+00 1.501938723249389511e+02 1.196050811135645375e+02 5.256242920279868969e+01 3.213718329148797892e+01 4.093652212306126899e+02 1.773802745799046576e+01
1.546000000000000000e+03 5.738639147443573165e+02 3.484934786139400131e+01 -2.053638882776307639e+01 5.410699605474858345e+02 -3.208200943909519083e+02 9.339702915216876988e+01 -5.227302937355087664e+00 -6.942770772249319577e+01 1.452104317936681177e+01
1.563000000000000000e+03 5.362957482890185474e+02 1.774523241982296895e+01 -2.080770946946730149e+01 2.988978414852995229e+02 -3.433654760330710474e+02 -6.685488515688548716e+01 -4.454299374548256196e+01 -6.268894783898467722e+02 -2.481076934087627350e+01
1.580000000000000000e+03 5.186080635120952138e+02 -2.439815386804241726e+01 2.099341289555283652e+01 -4.350769739036209671e+02 3.668734621007022270e+02 -1.724710852883848489e+01 -3.587733318988649955e+01 -5.365059779470492458e+02 -1.732224830540695493e+01
1.597000000000000000e+03 4.754708814414146332e+02 3.169543191173312024e+01 1.813992320625536081e+01 5.599066233239493613e+02 3.473302635256090980e+02 8.401310858825564054e+00 -2.155116513392348665e+01 -3.484290414373179487e+02 1.274542341314857552e+01
1.614000000000000000e+03 4.126533549609216607e+02 -8.654536392421183777e+00 1.168488670802620000e+01 -1.790673080101830692e+02 2.205863114535565046e+02 4.710805361550922044e+01 -8.811361313565987530e+01 -1.479094570582709821e+03 -1.177797183733432860e+02
1.631000000000000000e+03 4.280320205151982691e+02 1.424733301652218742e+01 3.145380324287354412e+01 2.898356942174024766e+02 6.755603081870359574e+02 -3.657033549168642850e+01 1.299431369660376134e+01 1.955114215083881106e+02 3.346859892399199055e+01
1.648000000000000000e+03 4.122273000079244412e+02 -1.936820019750164334e+01 -6.501379137706923927e+01 -4.574064132464366708e+02 -1.451779283983639743e+03 4.929083288616642022e+01 2.588837927068720646e+01 4.820362214610742058e+02 -6.833894943693319135e+01
1.665000000000000000e+03 3.902823611070867855e+02 -1.557788838582990110e+01 6.426419453233177137e+01 -3.840844120630645193e+02 1.545665584334290543e+03 -5.372246406450580025e+01 -3.005079019616749392e+01 -6.078910758955348683e+02 4.576732105411558393e+01
1.682000000000000000e+03 4.511659684105966903e+02 -7.990934163163785797e+00 2.810090227770714932e+01 -2.164386837394950192e+02 7.680297753162572008e+02 6.967987138146121140e+01 1.124543876145836663e+02 2.426689679297128805e+03 1.428455708498990191e+02
1.699000000000000000e+03 3.994043832991510499e+02 -4.587394742139426995e+01 4.278266487091712378e+01 -1.262798528033855064e+03 1.181708901077872270e+03 -6.446784018936447147e+00 5.411633889570848766e+01 1.239490114000719132e+03 3.088003914151289919e+01
1.716000000000000000e+03 3.986180937169838785e+02 1.575441781344593117e+01 -1.351182792660148912e+01 4.913814858457357104e+02 -4.174326215432964773e+02 -8.038141294120040925e+01 7.358269747185934762e+01 1.867086310456688352e+03 1.397169369013998619e+02
1.733000000000000000e+03 3.753250967191802943e+02 -1.181194595690241158e+02 1.253535183188611946e+01 -3.689814626683262759e+03 4.206581406790471078e+02 -1.134915465534430545e+01 1.052517995226802441e+02 2.749016120934782521e+03 -9.330081659395993654e+01
1.750000000000000000e+03 3.514035353078600679e+02 4.687327283431061886e+01 1.494226097532274622e+01 1.547115803358422454e+03 4.871402645948667782e+02 -5.641973040089331448e+01 4.486118167445544813e+00 1.445879955498778884e+02 -7.113982722834137462e+01
1.767000000000000000e+03 4.033145265598965921e+02 -2.289583804547369894e+01 -3.788038227071848496e+01 -8.144045437959633773e+02 -1.405875271178033245e+03 -7.046229370879071041e+01 6.341007907165121793e+01 1.896742884424324984e+03 -1.706020063988157460e+02
1.784000000000000000e+03 3.478516416395236774e+02 -4.664620918193401877e+01 1.123060078992981481e+01 -1.694812364891060270e+03 3.401318908447080958e+02 -9.486704085527823338e+01 2.952431520280670085e+01 9.333530933116395545e+02 1.173514798626678441e+02
1.801000000000000000e+03 3.626663952740478862e+02 -3.221229706130984027e+01 -5.433190931520451272e+01 -1.303334277916956125e+03 -2.002789478521553519e+03 -2.091694314600822935e+01 -9.902493034775540082e+01 -3.391582074917006139e+03 3.988433548023959219e+01
1.818000000000000000e+03 3.408232317719557614e+02 2.802029819339567140e+01 4.966167422704753420e+01 1.253898015179228878e+03 2.012405903657504496e+03 -9.349134610291403646e+01 8.322806025438238464e+01 3.234358809695262607e+03 -2.338158729123348678e+02
1.835000000000000000e+03 3.353785967250316276e+02 -5.994893236496479716e+01 -1.234302073324769253e+02 -2.719092755028606462e+03 -5.675565045984089011e+03 4.159772188054299846e+01 1.226100735984228436e+02 4.991179403243032539e+03 -1.023393974888376192e+02
1.852000000000000000e+03 2.460679364413055623e+02 -1.219776922030188331e+02 1.398053171531012850e+01 -6.282861227027284258e+03 7.020841232686810827e+02 3.203827004231350770e+02 3.205154864369169445e+02 1.381534969927514794e+04 -4.112965197718915533e+01
1.869000000000000000e+03 3.702201727768019168e+02 6.437201169064929118e+00 1.596416409088193404e+02 1.661737379468526967e+02 8.975265740559483675e+03 2.157977874735571220e+02 2.653707411826145801e+01 1.245030144735983640e+03 1.388397493575816384e+02
1.886000000000000000e+03 3.007570748990556240e+02 -6.692603418614032762e+01 -8.678932641064558595e+01 -3.915683179167160233e+03 -5.065335015277196362e+03 -3.812786000684014311e+02 -3.508369287624360027e+02 -1.741838939772003141e+04 4.303237653620677179e+02
1.903000000000000000e+03 2.812700685970042969e+02 9.393034305435548958e+00 1.974344994811710592e+02 4.978763701591444146e+02 1.221910703912836470e+04 2.497511393030833915e+02 -2.424362944027257925e+02 -1.293306044311658479e+04 -2.569880857817065589e+02
1.920000000000000000e+03 2.760209458113209280e+02 -1.838207302955366274e+01 4.750132624022411676e+01 -1.458188414691167054e+03 3.104675001670356778e+03 -7.541380375465972463e+01 4.074712438313180201e+02 2.279212613647844773e+04 2.244765351866876983e+02
1.937000000000000000e+03 3.307238232951348209e+02 -1.625889590017991111e+02 -4.791984310256694357e+01 -1.184831451262795781e+04 -3.291514421736944769e+03 -1.791680216851217153e+02 3.614088170962775735e+02 2.168019899086296573e+04 -4.627365892926974311e+02
1.954000000000000000e+03 2.623080345026151008e+02 -1.806808534676235638e+02 -1.469441254800752006e+02 -1.470927081732633815e+04 -1.183205790524948134e+04 -2.188965010827731987e+02 -7.021846235558141416e+02 -4.629982545889097673e+04 5.944187304547896247e+02
1.971000000000000000e+03 3.171829782639717337e+02 -1.584987139949724337e+02 1.935874624716584265e+02 -1.456688999161716492e+04 1.634794487317906896e+04 1.182945391240779713e+02 2.909229746887963302e+02 2.097192346430195903e+04 -9.109879991881248884e+01
1.988000000000000000e+03 3.898210195132889453e+02 1.338544073271640684e+02 -2.735051989771754961e+02 1.268114752550870071e+04 -2.589964638566451686e+04 -2.268872289293087476e+02 -4.362318863089794831e+02 -3.470869251055706263e+04 1.758517138025457598e+02
