3.199497392027970122e+00
1.948953856927347461e+00
2.466181958963816978e+00
2.354508475344287088e+00
1.923680043653392735e+00
2.226137999402856060e+00
4.579063800602471979e+00
1.008845771224459043e+01
1.672586447937859688e+01
2.159706614333204300e+01
2.084702851710080296e+01
1.440546477592887342e+01
9.351573104713411411e+00
7.905027410462132309e+00
1.410451931042563167e+01
2.618353178954618699e+01
3.314294703236510031e+01
3.650928997728525616e+01
2.870137891229144955e+01
2.142420072703426825e+01
1.398446283764305065e+01
1.241234867793573571e+01
2.137912426857015902e+01
3.240210222831680653e+01
