# l Dl_TT Dl_TE Dl_TB Dl_ET Dl_BT Dl_EE Dl_EB Dl_BE Dl_BB
3.000000000000000000e+00 5.545118149221681279e+02 4.075826101747453123e+01 -2.330585703192866731e+01 4.080604240214728406e+01 -2.333272551084296254e+01 1.052292892373157862e+01 -2.318081953168714460e+00 -2.317996727249657773e+00 -3.389273959599631070e+00
7.000000000000000000e+00 9.891651709007098816e+02 1.222766978163139484e+01 -9.109301237358987891e+00 1.223111355367899833e+01 -9.113580822790384062e+00 4.543217185357531385e+00 -4.013065158609759320e-01 -4.011533184115798067e-01 6.329929385715367118e+00
1.200000000000000000e+01 1.060192672283230877e+03 1.342969331752584061e+01 -5.599383458159492122e+00 1.343152317997735246e+01 -5.599060376605196510e+00 2.896833347573500639e+00 4.249741742585612658e-01 4.248590588651408595e-01 2.187405135393347688e+00
1.700000000000000000e+01 1.104291171293842581e+03 4.673569844820454344e-01 1.379281581284286595e+01 4.579716229758862278e-01 1.380744136645159514e+01 1.780813614231553599e+00 1.857630559685173322e-01 1.857275123140367523e-01 2.525520801077082211e+00
2.200000000000000000e+01 8.700887532835555476e+02 1.540619173457969948e+00 -3.326905652269497971e+00 1.537164017090463464e+00 -3.337635876323756356e+00 3.473201940515586728e+00 -1.072399512931223875e-01 -1.072511606013909213e-01 1.230716802332627591e+00
2.700000000000000000e+01 1.087616342046689851e+03 1.092169191285316643e+01 1.113510560738068911e+01 1.092994875238131769e+01 1.114732330268014238e+01 2.778055332489336671e+00 5.075144311790562579e-01 5.075640125941560665e-01 1.393284082150729963e+00
3.200000000000000000e+01 1.279945516282644576e+03 4.626333775850078212e+00 3.292828663272222567e+00 4.624940414369817177e+00 3.295647210297945939e+00 2.331568267292679852e+00 1.835019135384840516e-01 1.835710683343072802e-01 1.719460729672321664e+00
3.700000000000000000e+01 1.382639510995565615e+03 1.461408086171635645e+01 5.492145574665934227e+00 1.463314006334962869e+01 5.497387379724621326e+00 1.976881987951075059e+00 1.445049239249433237e-01 1.446113252525169368e-01 1.722294460008411576e+00
4.200000000000000000e+01 1.539212586540703342e+03 6.143861560813681510e-01 -1.096377374366701796e+00 6.077399629352285837e-01 -1.103160131784618692e+00 1.929424756052114942e+00 2.272510862988123270e-01 2.274236164942941285e-01 1.541902834432541836e+00
4.700000000000000000e+01 1.434088348659783605e+03 1.002339406622353302e+01 5.891008395950778187e+00 1.004104252661256780e+01 5.900084739093980346e+00 2.074538775358973908e+00 -3.408852389978456188e-01 -3.411629672739399655e-01 1.274442105972890316e+00
5.200000000000000000e+01 1.543712500204174830e+03 -4.831180943418582174e+00 4.026374727757510819e+00 -4.840867044512966899e+00 4.031868840225908635e+00 1.716697716599607348e+00 -1.855886282905988005e-01 -1.857974099762793041e-01 1.280916512411882646e+00
5.700000000000000000e+01 1.937238078502965436e+03 -6.794441268936365574e+00 3.698752422464127054e+00 -6.812699267420168958e+00 3.704955803892622690e+00 1.922678174926678141e+00 4.407798984101203577e-02 4.414141109170299782e-02 8.532968421133354520e-01
6.200000000000000000e+01 1.704288667623331321e+03 5.660924629028682986e+00 1.465534743054487166e+00 5.680430561372194376e+00 1.465743010330848417e+00 2.211707242741218327e+00 -6.943075098359274833e-02 -6.950569830659955595e-02 6.985021838177755127e-01
6.700000000000000000e+01 1.985135053586726599e+03 -2.008420466438103347e+00 6.060408099901906986e+00 -2.015004298061060073e+00 6.074509564912569992e+00 2.063293476919855429e+00 -1.898568686462593635e-01 -1.902469095936478727e-01 8.906758023200593843e-01
7.200000000000000000e+01 2.026621156416385247e+03 -1.809494305601815567e+00 9.546116426617443196e+00 -1.815814416791699415e+00 9.579648632681809772e+00 1.604889149528356596e+00 2.638198073503555952e-01 2.644630214010756930e-01 8.628766529526693541e-01
7.700000000000000000e+01 1.929502861542693381e+03 -1.581472456603711496e+00 -3.832853087635198275e+00 -1.586590385087838895e+00 -3.852459272193104134e+00 2.226605123615193804e+00 2.819425112257148980e-01 2.827596671315279475e-01 8.280302076576380177e-01
8.200000000000000000e+01 2.329818963252586400e+03 4.073577024336927366e-02 9.035554378454981883e-01 4.146077609063496261e-02 9.049087450347356176e-01 2.228760423904549093e+00 2.018183069865258639e-01 2.024881488312123279e-01 9.084047101140569902e-01
8.700000000000000000e+01 2.472997061865562046e+03 -1.968434930275076100e+00 4.694614039085059254e+00 -1.972832505283437898e+00 4.716273111315153699e+00 2.417018571105182367e+00 9.315575780878358747e-02 9.351218249116181880e-02 8.868725951041772637e-01
9.200000000000000000e+01 2.436493328847178418e+03 -1.119745166407213688e+01 -1.147768602612688316e+00 -1.124811796167750089e+01 -1.152644523394949605e+00 2.101914212291339457e+00 4.148140040073142881e-02 4.173345864204103250e-02 1.268899668783903589e+00
9.700000000000000000e+01 2.778485439730354301e+03 -2.276718961074250913e+01 -3.548660887165052458e+00 -2.288153500478801305e+01 -3.565689363361357778e+00 3.013015051813972445e+00 7.534872679666000661e-02 7.571751752382104017e-02 1.023367360107127810e+00
1.040000000000000000e+02 3.008494998286421378e+03 -2.587027746570678843e+01 3.221751085776583423e+00 -2.601985605532152235e+01 3.241319221927470018e+00 2.043597492590981446e+00 -6.973715940170881200e-02 -7.007330155543384231e-02 5.978541565140420566e-01
1.130000000000000000e+02 3.338548346630398555e+03 -3.124632519462075564e+01 3.162904597645876503e+00 -3.144719560818159110e+01 3.180151673760659214e+00 2.774401466740460176e+00 4.865696031963488016e-02 4.903037209477174169e-02 1.005298854495915606e+00
1.220000000000000000e+02 3.534813114516310179e+03 -3.523433415490445952e+01 4.025045059124995106e+00 -3.549625657945031776e+01 4.056796525742624837e+00 2.288564933983902705e+00 -4.526282256033521967e-01 -4.558521567267906915e-01 1.135805737990570830e+00
1.310000000000000000e+02 3.797716503158221258e+03 -3.808285433586858204e+01 -3.950743429877215718e+00 -3.841057625377631979e+01 -3.985122510749742109e+00 2.372122134000839377e+00 2.929934187067225193e-01 2.954781671952077526e-01 4.534324644610054356e-01
1.400000000000000000e+02 4.297103548759318073e+03 -3.883386776404740459e+01 -8.983662763789764583e+00 -3.921084597309568665e+01 -9.077726133878842418e+00 2.418238021187027353e+00 1.946424945698061737e-01 1.965761388601419135e-01 1.005701731273865196e+00
1.490000000000000000e+02 4.297736598730345577e+03 -3.990550024617372316e+01 2.994199063196825161e-01 -4.033927940600035811e+01 3.007963001546920534e-01 2.662554801968059603e+00 -6.581995257844148149e-03 -6.618427266655920078e-03 5.374989573460755565e-01
1.580000000000000000e+02 4.879486998198518449e+03 -4.781867386890255034e+01 3.719324513941194787e+00 -4.840406779501059731e+01 3.770499728784534987e+00 2.230679322303672052e+00 4.459784817592036821e-01 4.512020997300063008e-01 1.344698666412431409e+00
1.670000000000000000e+02 5.106571446614927481e+03 -3.325368826066070227e+01 -1.136810973500285371e+01 -3.369422848602827258e+01 -1.153228988363682106e+01 1.600006660380048018e+00 3.085964572162716024e-01 3.126535635596374707e-01 7.091536024233406899e-01
1.760000000000000000e+02 5.128684412073062049e+03 -4.076982335277644864e+01 3.842741410694999971e+00 -4.138661486788078037e+01 3.902620171404260763e+00 2.366678222703215706e+00 -3.125051656258611560e-02 -3.167299397148129469e-02 1.156064097129757329e+00
1.850000000000000000e+02 5.404567071234218929e+03 -2.315526428064310238e+01 5.222464347630905834e+00 -2.353231431058971523e+01 5.304147128403474909e+00 1.929060408345677935e+00 2.648341100072427734e-01 2.688145871389659436e-01 2.083918886129337289e-01
1.940000000000000000e+02 5.506213604447174475e+03 -7.781290680422819683e+00 1.606153586398435307e+00 -7.908697974146570608e+00 1.632116846248734099e+00 1.446979211599987991e+00 2.849015593610768615e-01 2.898836910934698974e-01 8.207899751848574121e-01
2.030000000000000000e+02 5.631281168469397016e+03 -5.818269084564594351e+00 6.567162114025817843e+00 -5.926415096269973759e+00 6.707720509967116662e+00 2.452923861444960441e+00 -2.411532888779697736e-01 -2.456127947279730939e-01 6.284456433121790031e-01
2.120000000000000000e+02 5.932741368993138167e+03 -7.315476458372702773e-01 -5.845604681457057694e+00 -7.516187933619712380e-01 -5.970458747822085854e+00 1.524522765746759045e+00 1.354846158245723575e-01 1.384262199861116260e-01 6.902570700254592184e-01
2.210000000000000000e+02 6.174897203954121323e+03 2.445877434076182766e+01 -3.050137066557850218e+00 2.501465203442604945e+01 -3.118330510766198937e+00 2.504367747609916428e+00 6.974668719237897552e-01 7.131271965823591241e-01 5.494391453633831190e-01
2.300000000000000000e+02 5.768884270766556256e+03 4.153979178135131889e+01 -1.068393307409424065e+00 4.255488948609825428e+01 -1.097307418173434135e+00 2.522170401960186048e+00 7.285586174500796597e-01 7.458745504655136527e-01 6.208381653503243225e-01
2.390000000000000000e+02 5.934441065230689674e+03 5.822998207714263685e+01 9.329915288716625899e-01 5.977150183729430921e+01 9.603806821460021403e-01 2.870500030824869597e+00 3.380673428890844101e-01 3.470982703620191234e-01 1.115260444754319291e+00
2.480000000000000000e+02 5.652436302079853704e+03 6.280389473820184776e+01 -5.903081906290906566e+00 6.457029688645364729e+01 -6.075548895248537917e+00 3.607557844899766053e+00 1.427583694724489927e-01 1.474000842581509874e-01 5.566359430615517301e-01
2.570000000000000000e+02 5.340125957808893872e+03 6.619270082890835738e+01 -1.537198267708475452e+00 6.817956377586315853e+01 -1.582919047299797821e+00 4.030524928834291032e+00 5.951731097372681134e-02 6.132838025755685263e-02 2.716162084771184815e-01
2.660000000000000000e+02 5.095877711929063480e+03 7.550266859644045780e+01 5.020512194079493007e+00 7.789979404738647872e+01 5.187006423656997711e+00 4.470637238595907448e+00 1.693252857104479148e-01 1.757554683373639681e-01 3.707464959342958721e-01
2.750000000000000000e+02 5.045507465813541785e+03 1.046496733877577583e+02 4.364376747090222275e-01 1.082130166712371988e+02 4.587169506610959124e-01 6.503097427897295724e+00 1.288349317865086774e-01 1.334546159756455075e-01 5.646430496146206401e-01
2.840000000000000000e+02 4.675945233861690213e+03 1.164213219546468991e+02 -7.659424850429164877e+00 1.206369180602985693e+02 -7.944181353947275426e+00 6.182623302750098304e+00 3.027714987069216601e-01 3.140780113496364212e-01 1.184620680010253446e+00
2.930000000000000000e+02 4.404914310113948886e+03 1.107786166101772807e+02 -3.553839730673372443e+00 1.150167646306162794e+02 -3.691580137923761828e+00 9.430256508053700415e+00 7.268292043900971278e-01 7.552707417732168471e-01 -3.398904924229779745e-01
3.020000000000000000e+02 3.984490244093040474e+03 1.228578314857951312e+02 -6.146728146399594195e+00 1.278517615217693333e+02 -6.396111908959625225e+00 1.123386773738540967e+01 2.842551742589509711e-01 2.955495197195234791e-01 1.295866435378347115e+00
3.110000000000000000e+02 3.665324626484722558e+03 1.164379108006431380e+02 -1.664940252321691627e+00 1.214413347736027049e+02 -1.733960135952899995e+00 1.086109615483767499e+01 1.921596471524792682e-01 1.999205390912807412e-01 8.110188560708221361e-01
3.200000000000000000e+02 3.445085867962393422e+03 1.029514239972698988e+02 -1.656483150328906806e+00 1.076035363818819093e+02 -1.730302569043189020e+00 1.338085619599999099e+01 -4.810814654149548342e-01 -5.028907450237656285e-01 4.638682313075603858e-01
3.290000000000000000e+02 3.281144657134746012e+03 1.128602875528679164e+02 4.857161113548905895e+00 1.182427239363947251e+02 5.090113732731854412e+00 1.470064416457955048e+01 -1.079333471678583845e+00 -1.131442402264994707e+00 -3.849678042106078335e-01
3.380000000000000000e+02 2.894911615871055801e+03 9.245703996176260375e+01 1.282150244703735531e+01 9.709947339867073879e+01 1.347107359922851266e+01 1.346362094404956089e+01 1.050354002397175357e+00 1.103634723066956091e+00 1.232318228032732499e+00
3.470000000000000000e+02 2.523307151540450832e+03 8.375229587889489835e+01 4.396547609818692415e+00 8.816691007548782011e+01 4.625983089963627393e+00 1.952132482275493075e+01 4.356614321730746253e-01 4.598710854503704204e-01 1.052338707627948233e+00
3.560000000000000000e+02 2.437920744507679501e+03 8.786449159644703855e+01 1.008212396559348534e+01 9.274830179099204486e+01 1.063949627328415914e+01 1.928950262788535142e+01 -2.276355519257091675e+00 -2.404575355564550154e+00 1.092548141412538421e+00
3.650000000000000000e+02 2.271034511654407197e+03 6.774443521622021080e+01 4.864716058140413857e+00 7.169373216723744235e+01 5.150844206813014026e+00 2.105764577788701075e+01 5.034980897275572742e-01 5.332946395844087029e-01 6.906707793453853439e-01
3.740000000000000000e+02 2.119225185673092710e+03 4.244432637183506074e+01 -1.365637341780111536e+00 4.503098864516690014e+01 -1.447136264807703521e+00 2.129487022402966190e+01 8.503908853222155173e-01 9.026849696577734505e-01 2.646892692231876398e-01
3.830000000000000000e+02 2.001846565061614228e+03 3.204326642308654982e+01 8.096640196268173995e+00 3.407438552194963677e+01 8.621473254788782015e+00 2.230334298244952151e+01 1.324717817164006828e+00 1.409433605526863253e+00 2.552763311994480921e-01
3.920000000000000000e+02 1.856326860809353093e+03 1.903409536941665081e+01 -4.523123022821603278e+00 2.030809910949010089e+01 -4.828695613954890220e+00 2.203914853142864771e+01 1.648045666863586500e-01 1.761613982671932088e-01 1.679708944597499531e+00
4.010000000000000000e+02 1.857277508068127190e+03 5.174375743687516405e+00 2.786311051308535625e+00 5.531403054211527781e+00 2.983474652641997960e+00 2.334093933232199447e+01 1.288147895905057627e+00 1.378167050336684962e+00 2.402778169290350485e-01
4.100000000000000000e+02 1.790139490247958747e+03 -1.622559898334686324e+01 5.393507923055435249e+00 -1.741345064810287369e+01 5.788032987081439984e+00 2.069075181122133600e+01 -4.340085811501701030e-01 -4.668533701308524853e-01 -1.308589786476315187e+00
4.190000000000000000e+02 1.823801869548428385e+03 -3.417963187281711157e+01 2.070050318532449918e+00 -3.680067393287354349e+01 2.220067796124058024e+00 2.258949742556580631e+01 2.142254216013798285e+00 2.307377938148296170e+00 1.227922174539790134e+00
4.280000000000000000e+02 1.864455369755817628e+03 -5.035629423976442354e+01 -5.141482102438293289e+00 -5.437783051544352020e+01 -5.565056497467967489e+00 1.889330947132348015e+01 -2.055239884448932797e-01 -2.201760253535317846e-01 4.039134492246569397e-01
4.370000000000000000e+02 1.849529576645504676e+03 -5.128093603094438890e+01 3.983681915528046069e+00 -5.554602197502811833e+01 4.324782302902437259e+00 2.002802039844519300e+01 1.061486863850708007e+00 1.150223298783615400e+00 2.099021360156021032e+00
4.460000000000000000e+02 1.984331249152535747e+03 -5.548651734874219699e+01 3.677384000925962404e+00 -6.027797366190296202e+01 4.003718424454334901e+00 1.561627493328268201e+01 -1.125627070660878637e+00 -1.225189037254829083e+00 2.628972022073592929e-01
4.550000000000000000e+02 2.128823231805321484e+03 -7.717851289405605542e+01 -1.752152987803225370e+00 -8.411932941021099452e+01 -1.914435218590737842e+00 1.443349061101750763e+01 -1.330760287327144575e-01 -1.455129464111425408e-01 1.638675027347668012e+00
4.640000000000000000e+02 2.249678220471622808e+03 -8.947220903976023010e+01 1.649386623596347912e+00 -9.783986101943365554e+01 1.794948864751917617e+00 1.591732949432765842e+01 -7.127473705844210583e-01 -7.794014001442511885e-01 3.139125160817212379e+00
4.730000000000000000e+02 2.319704953541940995e+03 -8.011742242466607422e+01 7.953120489436277474e+00 -8.788043198635295994e+01 8.713012007574370443e+00 1.226724536464633175e+01 1.519327601398422933e+00 1.670213457611118946e+00 1.913381488007656062e+00
4.820000000000000000e+02 2.364839200794960107e+03 -8.157393927987007487e+01 9.737475811856799446e-01 -8.980394758772254704e+01 1.061022422231461482e+00 1.210028267991309470e+01 -1.231032923724992401e+00 -1.356759262707163183e+00 -4.820719543592899559e-01
4.910000000000000000e+02 2.454693043428831970e+03 -6.436295143013234110e+01 2.059927200126708824e-01 -7.110151697917150670e+01 2.110507742131259856e-01 1.260210291935440985e+01 3.283579857579225353e-02 3.752744702498035656e-02 3.112752246490393837e+00
5.000000000000000000e+02 2.523548439137835430e+03 -5.912945290368293172e+01 4.191334129548787146e+00 -6.554717959483811285e+01 4.645886395423166171e+00 8.369361825351452566e+00 -1.834601816258427942e-01 -2.034054933941150667e-01 -1.929155559232691663e+00
5.090000000000000000e+02 2.687719026515463156e+03 -2.894315979067222955e+01 -1.508504310836418671e+00 -3.217307048314874152e+01 -1.664897883353954056e+00 7.878849919589670847e+00 -1.805278589733981809e-01 -2.036797450832970036e-01 -7.121570507943795203e-01
5.180000000000000000e+02 2.658048958579651298e+03 -5.897877661515253322e+01 -3.176465078369172357e+00 -6.585361360991437607e+01 -3.536156894725186906e+00 8.161517983680667498e+00 1.258392171651740110e+00 1.406078583615448352e+00 1.513186339143785197e+00
5.270000000000000000e+02 2.676783555258448814e+03 -1.425204373887190634e+01 -9.936276682728170329e+00 -1.594514152187131018e+01 -1.114614619309146271e+01 6.206421178295136620e+00 -1.512094410158252744e+00 -1.693353757854197505e+00 9.496266446010833695e-01
5.360000000000000000e+02 2.580881372122596076e+03 -1.666434920732892522e+01 7.601192780790118064e+00 -1.875508327021519506e+01 8.552746814357469418e+00 6.248558107388806349e+00 -5.173344223097645772e-02 -5.883588156493600729e-02 3.614258434440010270e-01
5.450000000000000000e+02 2.567924176427390648e+03 1.570982030443642330e+01 1.139559415847579693e+00 1.775073538699030706e+01 1.281902479823498142e+00 9.241231116071725538e+00 2.418735497283133196e+00 2.730357214282518097e+00 3.279582317547429682e+00
5.540000000000000000e+02 2.665622736303749207e+03 1.202098210656669552e+00 -9.997156007920581899e+00 1.362496638925010606e+00 -1.133392012818335637e+01 9.288732549918451653e+00 1.885139935164183433e-01 2.140013118439180462e-01 3.000118201757924208e+00
5.630000000000000000e+02 2.613939614866787906e+03 7.160660007165031260e+00 -3.606529858409241118e+00 8.160052324014380076e+00 -4.094779691227238949e+00 1.291864876899339976e+01 -1.774277642582306136e+00 -2.021526187642900041e+00 -1.785880657531849103e+00
5.720000000000000000e+02 2.474997052906654062e+03 2.095614027038006100e+01 9.809762594723586915e+00 2.394570744589207933e+01 1.122242955247289764e+01 1.263220931008610393e+01 1.209345426582881577e+00 1.383170145538675122e+00 -1.336877929647996233e+00
5.810000000000000000e+02 2.439814022233770174e+03 2.156788955045412948e+01 7.904268216247570811e-01 2.475359710266191016e+01 9.117392779312187834e-01 1.439399519069238842e+01 3.244426329419566879e-01 3.749183611989800324e-01 2.916815065316313293e-01
5.900000000000000000e+02 2.456489651634035909e+03 3.000904986237721417e+01 1.167354891529996763e+01 3.457880612301277523e+01 1.346054362717209330e+01 1.301402137956195304e+01 -1.394249633112094822e+00 -1.607316064595376570e+00 4.212406307319595200e+00
5.990000000000000000e+02 2.311425653590097681e+03 2.573783677252241375e+01 3.433875214717842184e+00 2.976853687588434738e+01 3.964710404280637590e+00 2.079489622243050206e+01 -1.341496077290479816e+00 -1.555530440747714183e+00 5.967469116772873283e-01
6.080000000000000000e+02 2.231875641997869025e+03 3.866075871550307141e+01 5.475107048885153205e+00 4.492682557003728760e+01 6.362156161794530362e+00 2.012977285772977609e+01 3.898029115458776062e+00 4.530944927667732713e+00 1.648616642766360219e+00
6.170000000000000000e+02 2.205357631784861496e+03 2.940090426321607708e+01 7.399933827254612240e+00 3.432079480344201272e+01 8.649230560554682867e+00 2.537432383040019701e+01 -4.471872077110163324e-01 -5.163714807340268331e-01 -5.995048044451888325e-01
6.260000000000000000e+02 2.021823206494208307e+03 8.902034592832215765e+00 -6.881027609660199662e-01 1.040986336816139790e+01 -8.323238769022461847e-01 2.819320001774068274e+01 -4.293596229939498077e-01 -5.036838394636448113e-01 7.984186523042391403e-01
6.350000000000000000e+02 2.056504368987677481e+03 2.264976756566294114e+01 4.729401704916729621e+00 2.663528974435483931e+01 5.567492373375916515e+00 3.142482271330001353e+01 3.091485148975483987e+00 3.646218928867106079e+00 3.440215120741199506e+00
6.440000000000000000e+02 1.909806384666798522e+03 7.521028459613846806e+00 2.935871797368859948e+00 8.861293676082272697e+00 3.488989846225339697e+00 2.950719786776230436e+01 -6.845685740497199356e-01 -8.095761268625349949e-01 3.911814943803863631e+00
6.530000000000000000e+02 1.930102912071828769e+03 -1.563565037293658300e+01 -1.277737640969155208e+01 -1.860364792466269179e+01 -1.519964246991324330e+01 3.493714256227676174e+01 -1.528236473863178624e+00 -1.813851590150383997e+00 4.278971007229308121e+00
6.620000000000000000e+02 1.950415479207529870e+03 -3.258732474047798888e+01 9.284635351694472405e+00 -3.888807033038258965e+01 1.108712072671394111e+01 3.153741771225388391e+01 3.074782785681380748e+00 3.670212351232317260e+00 -2.823351461206747626e+00
6.710000000000000000e+02 1.865071723906701664e+03 -5.100077905449836635e+01 1.203516403781022426e+01 -6.114973931399296703e+01 1.444831765538021529e+01 3.268175399191628827e+01 3.389204157597744405e-02 4.004121188194095793e-02 3.680794100473343544e-01
6.800000000000000000e+02 1.807927928263073454e+03 -6.496087867570386720e+01 -1.277026271767832633e+01 -7.822274260555583680e+01 -1.539407807401227046e+01 3.471357576637597475e+01 2.120092303243362508e+00 2.556882237305101224e+00 2.305431537023854727e+00
6.890000000000000000e+02 1.885417233110768166e+03 -8.137458176096217244e+01 -5.891671412465657731e+00 -9.848354162755121877e+01 -7.143230837753626439e+00 3.393533410988735000e+01 1.787451102583394347e+00 2.157302709796511397e+00 1.639855908778124594e+00
6.980000000000000000e+02 1.941660236177559455e+03 -9.692620815444530535e+01 4.757408832165053170e+00 -1.178922235142412660e+02 5.791037679863912047e+00 4.021003753139000736e+01 4.384239924005401079e+00 5.340555676729463741e+00 -1.318135230352909693e+00
7.070000000000000000e+02 2.013208700197812732e+03 -9.262286129469231355e+01 -1.082106765704372542e+01 -1.131934597486462195e+02 -1.322406027165518339e+01 3.652577087751014773e+01 -7.860796707219039892e-01 -9.625289722164901418e-01 4.588662495230789062e+00
7.160000000000000000e+02 2.003210927165325984e+03 -1.247531050835653446e+02 9.673736597803513249e+00 -1.532419553705419730e+02 1.190692726455798578e+01 4.149917977225612731e+01 8.167937989758659034e-01 1.008291498676221032e+00 -2.924114275452960765e+00
7.250000000000000000e+02 2.076359942895266613e+03 -1.156949005719690717e+02 7.629265684806546766e+00 -1.428048641890649719e+02 9.422469883228034249e+00 3.141128673386363346e+01 9.945066102404006569e-01 1.238115250831216763e+00 2.457431718295173706e+00
7.340000000000000000e+02 2.089403663737515672e+03 -1.237147852987892946e+02 -1.694808489487114045e+01 -1.535003365236789818e+02 -2.104399257135251489e+01 2.832330028231315566e+01 -1.782665126319437299e+00 -2.209933752164968457e+00 -2.464117960825302767e-01
7.430000000000000000e+02 2.257692451894553415e+03 -1.256178471166851978e+02 -1.259452660182604333e+01 -1.566680037471190872e+02 -1.571490307965398969e+01 3.103524009508197423e+01 8.831342739292633581e-01 1.103373146226809043e+00 5.290070198820566283e+00
7.520000000000000000e+02 2.296528889658684875e+03 -1.263234271519332026e+02 -1.126176578971621112e+01 -1.583728462398616443e+02 -1.409783124489899109e+01 2.614430465949190463e+01 2.481568949495465137e+00 3.109227808063510512e+00 -2.171202852099888059e+00
7.610000000000000000e+02 2.379925600821292392e+03 -1.203470837823982151e+02 1.112174865617064512e+01 -1.516627471365824533e+02 1.401845816950483226e+01 2.921992643931210765e+01 4.120884194479152107e+00 5.201075994392732049e+00 1.808683671747082666e+00
7.700000000000000000e+02 2.435024632430564907e+03 -1.217653828355612404e+02 -1.761033908827951677e+01 -1.542826491584314397e+02 -2.235328621366423718e+01 2.036679684335172524e+01 1.760629050647897209e+00 2.242479661802783575e+00 1.974759962150212989e+00
7.790000000000000000e+02 2.404097204879579294e+03 -1.076016430081734541e+02 -4.199995570717594551e-01 -1.370457246901640076e+02 -5.381401294891645648e-01 1.930566670066481905e+01 4.239332003368786239e+00 5.403573514573023928e+00 1.927462436504645327e+00
7.880000000000000000e+02 2.540739523508402272e+03 -1.120510189971914485e+02 -1.120883976045143227e+00 -1.434730412512008115e+02 -1.445212084947335107e+00 2.598018678656697134e+01 2.592330780334476614e+00 3.319698054861136782e+00 1.360433245436799776e+00
7.970000000000000000e+02 2.496448225774532602e+03 -9.400083732951530635e+01 9.216315876472448210e+00 -1.210464975009476092e+02 1.188202676776095856e+01 1.756687677464766395e+01 -2.632075723954010904e+00 -3.402115781413795670e+00 -1.849559741560488912e-01
8.060000000000000000e+02 2.551753138399090858e+03 -8.233202235591630824e+01 4.013256248644024637e+00 -1.066472260448754952e+02 5.237363604531371841e+00 1.577303640555957820e+01 2.208510218315856477e+00 2.870604695128747164e+00 -1.748800423929027514e-01
8.150000000000000000e+02 2.656130080071295652e+03 -6.539086811572357760e+01 -2.670858068806954932e+01 -8.513905625606948036e+01 -3.481038427877200547e+01 1.574564136060685193e+01 -9.070072463557341536e-01 -1.193093716007925131e+00 -1.205800389576809017e+00
8.240000000000000000e+02 2.582659683912816945e+03 -5.875683554659435259e+01 3.580337469635386238e+00 -7.697992658207245142e+01 4.717088267138282554e+00 1.641580851682396869e+01 5.202783618734543758e+00 6.817550669879839376e+00 -1.218109042242762285e+00
8.330000000000000000e+02 2.580662851058368688e+03 -2.633591299879380188e+01 9.403653614042534414e+00 -3.467844663303272057e+01 1.240784903604151523e+01 6.500170412456650837e+00 2.558491769926844572e+00 3.377399943974788599e+00 9.397447810563787085e-01
8.420000000000000000e+02 2.567976147440633213e+03 -7.560428439290216573e+00 1.503355719858491701e+00 -9.953676300436066882e+00 1.996275754578764161e+00 1.278058152724113405e+01 -5.951040293562664729e+00 -7.903188166100060918e+00 8.003590978978211146e-01
8.510000000000000000e+02 2.408475876166444777e+03 -6.620614705656288734e+00 1.081499464171522895e+01 -8.822419762997078863e+00 1.447373633881874966e+01 1.327950933503468711e+01 1.274857613244563703e+00 1.690929859094553400e+00 1.009927632440268841e+00
8.600000000000000000e+02 2.408165655699706804e+03 1.375469518837017979e+01 -7.306282283834968361e+00 1.848012066624658090e+01 -9.803683173532196093e+00 1.501814103480269402e+01 -1.231717600498865722e-01 -1.713954893765262666e-01 3.527809744990296981e+00
8.690000000000000000e+02 2.359417787845804924e+03 3.984974028037543547e+01 7.597598574097531809e+00 5.373059470837608842e+01 1.030289783952075844e+01 8.686296294074578483e+00 -2.835841149384030313e+00 -3.850947164579276549e+00 -6.094488707094340985e-01
8.780000000000000000e+02 2.234762538549829515e+03 3.813491961950456499e+01 -5.026786776878150675e+00 5.175128535879221658e+01 -6.835160864961438598e+00 1.620693473244214999e+01 -3.193802247264081018e+00 -4.349058656327922989e+00 2.908733593742808488e+00
8.870000000000000000e+02 2.151659852273038268e+03 5.561568914584228907e+01 -2.504598768971211253e+00 7.597320625027019503e+01 -3.478239986762688751e+00 1.984592988037971750e+01 1.468215171915208561e+00 2.013372143283564952e+00 -4.877072520236925612e+00
8.960000000000000000e+02 2.006322624180952289e+03 6.216060700123036042e+01 1.064069683306101943e+01 8.540069749821054756e+01 1.462790836284868767e+01 2.239825089706820194e+01 2.174931847107373084e+00 3.001324076504920058e+00 2.849934098641844216e+00
9.050000000000000000e+02 1.908073553785682634e+03 5.482469534404120282e+01 -3.842498460490266776e+00 7.577683757024446720e+01 -5.326655448726975273e+00 2.168924552313746901e+01 -3.181770324956039175e+00 -4.403707965912861511e+00 -9.391225137898410180e-01
9.140000000000000000e+02 1.838307889944497447e+03 7.803517502033430731e+01 -4.542146082502447335e+00 1.085770070023742022e+02 -6.364901405235983134e+00 2.093984443308173482e+01 -5.723441822069103679e+00 -7.974144253228315549e+00 5.336901762281708983e+00
9.230000000000000000e+02 1.671209399261059161e+03 5.534461814356085085e+01 1.327650248662951071e+01 7.750931219314703924e+01 1.860799029621581724e+01 2.484883530759892167e+01 3.630510151697314392e+00 5.094612647039700626e+00 2.653888209475327997e+00
9.320000000000000000e+02 1.641716810392306797e+03 5.543970083293613271e+01 -2.695414877865653480e+00 7.811267214984063401e+01 -3.777714088737038178e+00 2.988394890283849747e+01 -2.083749799216783494e+00 -2.926605427781967972e+00 2.646432678095424595e+00
9.410000000000000000e+02 1.498604231705547136e+03 5.622125847337877502e+01 9.383365357551051389e+00 7.974950342719543528e+01 1.332874565265717237e+01 3.556977402267072819e+01 -4.758380025522045642e+00 -6.754586149499131054e+00 -3.564006906378027750e+00
9.500000000000000000e+02 1.413132814012282324e+03 3.981791066062537965e+01 3.668560170742547033e+00 5.683075727124244025e+01 5.259304535020869587e+00 3.524031068968421465e+01 2.302299372827694590e+00 3.305916897532784837e+00 -2.588234230435466188e+00
9.590000000000000000e+02 1.339569253778494613e+03 3.123969060363041805e+01 1.799488801107763436e+01 4.484458744490349602e+01 2.591599059688202544e+01 3.632516453429290948e+01 5.704668638509478029e+00 8.217142734331297049e+00 2.073590324837996102e-01
9.680000000000000000e+02 1.296445295547388014e+03 1.490187204801634380e+01 -1.774311609606969320e+00 2.157445576422379574e+01 -2.577888120673514472e+00 3.176408026088011383e+01 9.223356268211683195e-01 1.329706371881768989e+00 3.956889424247665321e+00
9.770000000000000000e+02 1.189134234605478468e+03 2.157285655362174381e+01 1.649608753677311768e+01 3.142488597179109533e+01 2.405450524304201920e+01 3.905627222872313808e+01 9.342255132942280937e+00 1.364157494018665240e+01 -1.495796150049868656e+00
9.860000000000000000e+02 1.197262150953617947e+03 -2.580569519125646138e+00 -1.005648722225393810e+00 -3.811303922155379720e+00 -1.463292176836041847e+00 3.818494295503739977e+01 -7.075639464979021298e+00 -1.040163901192829066e+01 -7.668178712484889914e+00
9.950000000000000000e+02 1.154333213152419603e+03 9.353115773307941749e-01 -3.819004566145972834e+00 1.379069829705422912e+00 -5.639724622658214948e+00 3.690751472228880914e+01 -1.088805757687655174e+01 -1.611879364075059584e+01 3.182843481955585752e+00
1.004000000000000000e+03 1.094645757449914754e+03 -4.239522076404566064e+01 5.963330097828920984e+00 -6.302507498813800879e+01 8.872687003931039484e+00 3.400078830595623458e+01 -4.201249097808581467e+00 -6.267237142612334999e+00 3.347756377276321693e+00
1.013000000000000000e+03 1.177785959738339443e+03 -3.225325228255574217e+01 -1.501969292879483220e+01 -4.828748850339392362e+01 -2.252911983501111592e+01 4.688965604691625799e+01 7.170789646414168494e+00 1.076604107145397293e+01 9.090674688501131584e+00
1.022000000000000000e+03 1.129861992305454351e+03 -4.863466635977644614e+01 -2.192063557128435924e+00 -7.333053465278923966e+01 -3.349452861641283086e+00 3.722050839761037366e+01 1.713546626340311185e+00 2.583597447452524953e+00 -1.807865433739972882e+00
1.031000000000000000e+03 1.095330555351334851e+03 -5.428662059008644292e+01 -5.777453057300726336e+00 -8.245483368959955328e+01 -8.818610306591542880e+00 4.712324722292871115e+01 9.004509177622500360e+00 1.370411647417582657e+01 -2.966926776495222740e+00
1.040000000000000000e+03 1.114375027139469694e+03 -5.436200778696290570e+01 -7.863412288276919071e+00 -8.313913563879557955e+01 -1.199760762915356516e+01 3.579135136060828160e+01 2.277090464570383332e+00 3.493666683100255188e+00 -8.731733252385200927e-01
1.049000000000000000e+03 1.174054306643741029e+03 -6.192734920317202096e+01 1.600394834340619354e+00 -9.536356337695633556e+01 2.492821419630140589e+00 2.470409338840961411e+01 9.535797770022106379e-01 1.495847230171317488e+00 7.636636154943856170e+00
1.058000000000000000e+03 1.201353002716969513e+03 -8.115330717714330433e+01 -6.801272685464937240e+00 -1.258880429985734395e+02 -1.056213682269634546e+01 2.365696101548945762e+01 1.207092389123034515e+00 1.884793198086996746e+00 6.941714644895244035e+00
1.067000000000000000e+03 1.193755177982907981e+03 -6.278717598557783219e+01 -6.545219014422896109e+00 -9.809720204990097159e+01 -1.022870232796513790e+01 3.521798354615408044e+01 -9.114022660162591771e-01 -1.453838813109937123e+00 -5.527773093678788330e-01
1.076000000000000000e+03 1.221623497303798786e+03 -8.593612589300772697e+01 -2.040012456854201162e+01 -1.353136444111563321e+02 -3.212395369374777943e+01 3.035393875200956515e+01 8.852394594144211482e+00 1.398855164928949968e+01 -7.141029024771662570e+00
1.085000000000000000e+03 1.300455829299774223e+03 -7.663430697892414400e+01 -3.355271418183689125e+00 -1.215363513681298002e+02 -5.318903071879319988e+00 2.894523682712283730e+01 3.032035067327304656e+00 4.829009853600078728e+00 1.394447054210068870e+00
1.094000000000000000e+03 1.298627024121622753e+03 -7.569910650301905264e+01 1.837929379141681752e+00 -1.210170043689598316e+02 2.922852677931226495e+00 2.944186588330320831e+01 6.461790375420840782e+00 1.033143766730972857e+01 1.346100084859286561e+01
1.103000000000000000e+03 1.281872749996647826e+03 -8.483917321567905390e+01 -3.967247816709715380e+00 -1.366503990086227702e+02 -6.407066653810495893e+00 1.667779932470450888e+01 -5.237895070614555060e+00 -8.431675929636563538e+00 1.803470134730980723e+00
1.112000000000000000e+03 1.281239144784996597e+03 -4.652713753691705278e+01 -1.938690417075445094e+00 -7.546667290167566478e+01 -3.140453911249194263e+00 1.452043834872767647e+01 3.477285401669514275e+00 5.620968796699184367e+00 4.969206847308742070e+00
1.121000000000000000e+03 1.322148366333786271e+03 -4.331254378176428332e+01 -8.372229933278355629e-01 -7.083548266435747109e+01 -1.307375413471802972e+00 1.652341541960083759e+01 4.609519718403060295e+00 7.507085074412523262e+00 3.505004729365631011e+00
1.130000000000000000e+03 1.304083691780106847e+03 -2.447353082838144545e+01 -1.917572859343705005e+01 -4.021781294150869712e+01 -3.165118838559763148e+01 1.646550563783624455e+01 3.598557030547770541e+00 5.916829590981063092e+00 3.250924701883915802e+00
1.139000000000000000e+03 1.289353343511341109e+03 -5.775939717661013617e+01 -2.826979660186251309e+01 -9.584287158971078213e+01 -4.696402193286647275e+01 1.696417936147366845e+01 5.835882510342571550e+00 9.762089425884827421e+00 6.296767959834684625e+00
1.148000000000000000e+03 1.296133433461175173e+03 -2.108590631386847747e+01 1.666432274275247094e+00 -3.526885996952373858e+01 2.826126231910398356e+00 1.410027520322368133e+01 -1.647452874408281476e+00 -2.742192971907685184e+00 -8.003395343395531825e+00
1.157000000000000000e+03 1.304383244968182225e+03 -1.679843047162435354e+01 1.036390445483294442e+01 -2.835256470970983855e+01 1.753618553844667360e+01 1.559301687208567522e+01 -5.161647402739264479e+00 -8.736150907351092343e+00 9.425763374339851453e+00
1.166000000000000000e+03 1.234037542669763297e+03 -3.535922056127591873e+01 9.798405811431278423e+00 -6.013803949899700996e+01 1.660760899498972165e+01 3.657097524874652450e+00 -1.787571440468957329e+00 -3.064550112613435573e+00 -1.908003452452607274e+00
1.175000000000000000e+03 1.230773882507809049e+03 -1.367367510145996334e+00 8.645660347685941716e+00 -2.322090037791770367e+00 1.477818976459117017e+01 -4.232297848324195755e+00 8.875170189655298358e+00 1.526792923719948725e+01 -3.004616709806194663e+00
1.184000000000000000e+03 1.233454820644113170e+03 1.038255630659865147e+00 1.264084115272887487e+01 1.770715678535756954e+00 2.179422333089747355e+01 1.179722602022173739e+01 1.498944729124125352e+00 2.606924045434413362e+00 1.137046422134557844e+01
1.193000000000000000e+03 1.153887881353922921e+03 -2.805965508822239052e+00 -6.784806095768302292e+00 -4.854740250753249775e+00 -1.177774789173450287e+01 1.235196555564227694e+01 -2.838274084790276763e+00 -4.913209960705874124e+00 -7.827500690338819567e+00
1.202000000000000000e+03 1.073475219999941373e+03 -3.143531774603060214e+00 1.375073760008953450e+01 -5.488785285943338366e+00 2.414414329935901193e+01 3.057204577225252962e+01 -6.826027451275504809e+00 -1.202356186786087378e+01 -5.953257658520550999e-01
1.211000000000000000e+03 1.065593037790834387e+03 1.370244388097947574e+00 -7.295515340212570088e+00 2.378941704797948198e+00 -1.297206480798554473e+01 2.196813194422761129e+01 1.301711937941113995e+01 2.311416636913430622e+01 -8.459026515266865331e+00
1.220000000000000000e+03 1.062763359551246140e+03 3.070066701890604222e+01 -9.428105883441755708e+00 5.479401561320233327e+01 -1.686450484514292114e+01 1.858606890385119215e+01 -4.875390291977434565e+00 -8.754480172048102915e+00 3.915096003675669678e+00
1.229000000000000000e+03 9.906748806677102266e+02 7.452033489136285382e+00 -1.448770943676835010e+01 1.350185008953229371e+01 -2.618073814619197748e+01 3.197115807231794804e+01 5.363051507257338812e+00 9.729273959506681280e+00 -6.515293882892025046e+00
1.238000000000000000e+03 9.783856801547093482e+02 2.364695557085953581e+00 7.031344192592096753e+00 4.351064776653426946e+00 1.274442908129120866e+01 3.002032286757652813e+01 -1.868854071907212600e+01 -3.408221775305378287e+01 5.273924634683045731e+00
1.247000000000000000e+03 9.218557830607692267e+02 -1.688641135037608043e+00 -3.234682908904192189e+00 -3.074635669825107165e+00 -5.984587176736071434e+00 3.231651162953173184e+01 9.603021896784731837e+00 1.762569503998981446e+01 8.201958648855177003e+00
1.256000000000000000e+03 8.767430586334388636e+02 -3.313651703375386948e+00 -5.893935386655634545e+00 -6.174559171602778562e+00 -1.097256160731497054e+01 1.551563751414906633e+01 -2.274501453206883284e+01 -4.218700521461715169e+01 -7.679498450470431337e+00
1.265000000000000000e+03 8.625530038330484786e+02 -1.820252696646206658e+01 1.320086395944334789e+01 -3.400165781985965197e+01 2.463713666190686880e+01 2.803696717357617274e+01 -1.893538658381182316e+01 -3.544472253522143035e+01 1.187825350653620937e+00
1.274000000000000000e+03 8.462814059837418199e+02 -4.650507867148048202e-01 4.986741389464997454e+00 -8.985755055841944117e-01 9.440350021069377817e+00 3.263427526482881547e+01 -1.255517516110985277e+01 -2.374920374867443229e+01 -3.806323511577417995e-01
1.283000000000000000e+03 8.323315430387721108e+02 -1.615451375586497207e+01 -2.455039858568884292e-01 -3.068140483209928959e+01 -4.374610010315696518e-01 1.828451263258138226e+01 1.172160150822537084e+01 2.227363782733086595e+01 -1.979931162819380308e+00
1.292000000000000000e+03 8.362162402264387993e+02 -2.883994595460662325e+01 2.066127362560145642e+01 -5.524426549055845470e+01 3.956755962922299830e+01 3.532057586862811149e+01 1.093019107577214122e+01 2.097871025722862015e+01 4.507333689683939992e-01
1.301000000000000000e+03 8.098297548681234730e+02 -2.487202705491152699e+01 -7.043441247157690377e+00 -4.796220119593757403e+01 -1.364814524906550197e+01 3.259395663005559385e+01 -8.220061581904884562e+00 -1.590802830847613336e+01 -1.803805165381003306e+01
1.310000000000000000e+03 7.867446532719542347e+02 -5.546173715910733648e+01 4.966897847531189569e+00 -1.080651713696681213e+02 9.715625182561488771e+00 4.397135672673001494e+01 -9.485824769223436093e+00 -1.851989252958798460e+01 8.117991886608654895e+00
1.319000000000000000e+03 7.924093989281965378e+02 -3.903952957668741419e+01 1.034631052063382128e+00 -7.671619256703495182e+01 2.069894601144687485e+00 2.972584823368676155e+01 1.026878307390945189e+01 2.025470968202794353e+01 -1.006931871534909817e+01
1.328000000000000000e+03 8.102515929250305362e+02 -5.701507857714437222e+01 -5.855468166483114523e+00 -1.129850159288140219e+02 -1.167264236523783438e+01 1.266556300463371088e+01 2.402799335194487629e+00 4.735075854637281090e+00 3.429371115008797233e+01
1.337000000000000000e+03 8.378732569727305872e+02 -4.283828007695556295e+01 -1.481688459718654371e+00 -8.558663897032914747e+01 -2.985860318017557802e+00 1.640293036465189758e+01 -1.351555184855824443e+01 -2.713233411503375336e+01 -1.390430385297403593e+00
1.346000000000000000e+03 8.161155831658196576e+02 -6.290457969055452025e+01 8.161448855447771322e+00 -1.269581985438859277e+02 1.662998240182793808e+01 3.441426256983988452e+01 -1.364927958829202304e+01 -2.775447872989354181e+01 -7.157349457408053617e+00
1.355000000000000000e+03 8.373981552885247766e+02 -7.161874770199138140e+01 2.664938706132403134e-01 -1.459313628615047946e+02 5.622467921145065661e-01 1.673071924364828433e+01 1.168772261929295481e-01 2.412955516178554305e-01 -3.006774120945754802e+00
1.364000000000000000e+03 8.626631929650588972e+02 -4.242010364461437888e+01 -1.097330597076613401e+01 -8.725585172058168837e+01 -2.253892975123951459e+01 2.405378409496881886e+01 -4.128395946755902379e+00 -8.531662920135211436e+00 -2.599863765710968000e+00
1.373000000000000000e+03 8.631926246150472934e+02 -4.231259095898867173e+01 -7.375837916020360652e+00 -8.786913767959254074e+01 -1.525893128618989536e+01 9.045984708645642414e+00 1.931391059741762461e+01 4.014591472947090978e+01 1.970505000328805778e+01
1.382000000000000000e+03 8.464962443940280536e+02 -4.484921334424832651e+01 -1.745544932305595154e+00 -9.383374704263948729e+01 -3.636998709916100303e+00 1.720415059283824633e+01 4.798039173715748618e+00 1.005779438030840289e+01 -6.189246319223260073e+00
1.391000000000000000e+03 8.976931869990751238e+02 -7.602495546191622111e+01 4.102218700577353161e+00 -1.606591440014864816e+02 8.691252412085113122e+00 1.675698656706822609e+00 -1.510266968406763111e+00 -3.196918553647533301e+00 -1.494698571362139639e+01
1.400000000000000000e+03 9.048647967259568077e+02 -5.904315242859885871e+01 -1.900972770486767516e+01 -1.260278837710721831e+02 -4.062951689052979987e+01 1.877741130316951512e+01 -6.646795175162744762e+00 -1.425619662566382750e+01 1.407571570024422059e+01
1.409000000000000000e+03 9.120511856651017979e+02 -7.576661007085959909e+01 -1.298932733368782566e+00 -1.631584655052744495e+02 -2.859042044864615217e+00 2.797200236182125721e+01 2.216852133136838532e+01 4.789493639110475698e+01 -2.349657257100471242e+01
1.418000000000000000e+03 8.928772197908806447e+02 -3.954520020459645480e+01 2.426906023193326334e+01 -8.608180680436117882e+01 5.291866211513672624e+01 1.589993466949469259e+01 -1.070988807046598046e+00 -2.259891147407537382e+00 1.191634519189785912e+01
1.427000000000000000e+03 8.802813216820122761e+02 -2.694762731205715056e+01 7.727131459205180408e-02 -5.908959077051466124e+01 1.019026365906338660e-01 2.193058012735748719e+01 -7.736346475412668733e-01 -1.865755114849292795e+00 -1.357746898962170690e+01
1.436000000000000000e+03 9.100616199999609535e+02 -4.181408112409420852e+01 1.255538738720168368e+01 -9.277334401392292307e+01 2.782596138301709132e+01 2.135003643077134683e+01 1.605571728294083300e+01 3.567849271572146108e+01 -2.410765419405241516e+01
1.445000000000000000e+03 8.689584015416695593e+02 -4.271521901153093381e+01 -1.442457430528944684e+01 -9.566714111620643735e+01 -3.218788878907360385e+01 1.107368686355079568e+01 3.192358618462737940e+00 7.240855378668637599e+00 2.402006798592902115e+01
1.454000000000000000e+03 8.456396099072717334e+02 -3.109675011927605226e+01 -4.517776549619845206e+00 -7.033381637915968554e+01 -1.015465593299110303e+01 -1.943943385155121462e+01 1.828920275453935762e+00 4.242247538861935396e+00 -3.117143354926442456e+00
1.463000000000000000e+03 8.361671914381913666e+02 -2.371763336933269173e+01 2.226709263448904519e+00 -5.410456390593609655e+01 5.066363910938150639e+00 1.996300021980011863e+01 1.712408454759491150e+01 3.941645146244151476e+01 1.294683404202587873e+01
1.472000000000000000e+03 8.236495174902423742e+02 -1.681646737092884791e+01 -7.243822182872609261e+00 -3.884128032180761636e+01 -1.666150399889314926e+01 -1.356683241168736620e+00 3.870086703611710277e+01 8.982128635965980834e+01 3.125573354123897474e+00
1.481000000000000000e+03 8.184139497330994573e+02 -8.714864490985073431e+00 -9.653680160739263272e+00 -2.030314996826327345e+01 -2.248382816206995116e+01 4.237508105882928078e+01 -1.682844549257004374e+01 -3.935683012781842649e+01 5.518700072338477369e+00
1.490000000000000000e+03 7.901839956535800411e+02 -4.128387166563822319e+00 -1.380380420151895748e+01 -9.723961537970250646e+00 -3.248658654657938882e+01 1.165637172201277849e+01 -6.156622131705235645e+00 -1.447767994431892014e+01 -1.991512289408806091e-01
1.499000000000000000e+03 7.781954371254659009e+02 1.831581460235865677e+01 -1.031126671769631997e+01 4.350008372835639392e+01 -2.458391936010936973e+01 1.339873949293671274e+01 -6.575439799550716558e+00 -1.585446159631605134e+01 5.916691079654404994e+00
1.512000000000000000e+03 7.454755178098794204e+02 -9.993186384602071870e-01 4.865263200666518628e+00 -2.552903854613986390e+00 1.162344860560306081e+01 2.762022660222034887e+01 -6.122196051466756161e-01 -1.245185369265018549e+00 -4.120200498851008142e+00
1.529000000000000000e+03 6.739422176070577279e+02 6.959828142692473740e+00 -3.496060714346322484e+00 1.724991960394554624e+01 -8.654551512671988078e+00 2.527962723894181352e+01 1.343492795084660330e+01 3.335069284419898139e+01 2.243062764169092560e+01
1.546000000000000000e+03 6.330170198855105355e+02 4.364051619546462923e+00 -6.311482284867795833e+00 1.100541393167053172e+01 -1.568933706531816696e+01 7.516210061983519264e-01 -4.482964526518755655e+00 -1.121818587212503360e+01 1.161969529440942450e+00
1.563000000000000000e+03 5.970784728298351638e+02 1.007819706014210759e+01 -1.861059777713380115e+01 2.582545258446297254e+01 -4.761909817779515208e+01 2.695686080029568998e+01 1.532760920700295237e+01 3.960171618912666958e+01 -9.889037118568616336e+00
1.580000000000000000e+03 5.489002630697333416e+02 -7.970653849937824553e+00 -1.244850106211162322e+00 -2.073241727497934406e+01 -3.262472212625395329e+00 4.458815565066037045e+00 5.209223667808283942e+00 1.367731198625863875e+01 -1.167873146804796214e+01
1.597000000000000000e+03 5.165197272078695505e+02 -3.259627341522385868e-01 -1.064324260296297453e+01 -6.521150806484813378e-01 -2.855449778752896961e+01 1.171271971202001083e+01 1.014987027771758044e+01 2.698824266168416486e+01 -7.124737309218809322e+00
1.614000000000000000e+03 4.954422504882890621e+02 -1.356856475444197052e+01 5.799350324467267725e+00 -3.684509950042200899e+01 1.584535040641453918e+01 5.262587130653683687e+01 1.027484816747906260e+00 2.859690231633916113e+00 -1.748388958904440216e+01
1.631000000000000000e+03 4.947927875454599302e+02 -2.246708226518055795e+01 1.658500740123936268e+01 -6.259962097536897119e+01 4.615080512658509093e+01 2.891712846697882355e+01 4.503329226893881376e+00 1.257514045450757223e+01 -1.974211856175151070e+01
1.648000000000000000e+03 4.755551251377834774e+02 -2.484439270251299448e+01 -1.417870598927723336e+01 -7.043265432596203368e+01 -4.047314293905540694e+01 1.734926491473727239e+01 1.036217997288441106e+00 2.840216238782482083e+00 2.650118341391418397e+01
1.665000000000000000e+03 4.890072813467578499e+02 -3.989623588899593898e+01 2.795602288445136807e+00 -1.158305117550800105e+02 8.141784105424582307e+00 4.713851219498161527e+01 2.526882755851988449e+01 7.315275874523007360e+01 2.006583680084445831e+01
1.682000000000000000e+03 4.798856590993477766e+02 -3.367407624394028431e+01 -5.190469404521643071e+00 -1.000385713896524464e+02 -1.517165774973561909e+01 1.781870783015636661e+01 3.551677893696037103e+01 1.056792686622547706e+02 -7.333991990837877673e+00
1.699000000000000000e+03 5.057657050444084916e+02 -2.877143988931427643e+01 6.249604918342661630e-01 -8.739680053271791849e+01 2.017890243617394663e+00 1.511475487901854819e+01 -1.907730468495887521e+01 -5.759135645032984030e+01 -2.151672885499602472e+01
1.716000000000000000e+03 4.879076623061007467e+02 -4.955485331495934176e+00 1.872902573590782538e+01 -1.544538000277403178e+01 5.782651102971092882e+01 -2.163942161199233993e+00 -5.746722882228407769e+00 -1.750934433603516993e+01 -3.358444774707163738e+00
1.733000000000000000e+03 4.943619053115493216e+02 -1.707522289613346800e+01 1.034227399172653605e+01 -5.422081949109474408e+01 3.280324390107911370e+01 1.228310214578313797e+01 1.507616302676622944e+00 4.593630093988214647e+00 -3.592977906983420411e+01
1.750000000000000000e+03 4.767203181536874581e+02 -2.615824844270977678e+01 1.550502710536059503e+01 -8.480003890501201624e+01 5.025142767231200480e+01 5.054900887112335539e+01 2.069235086210944985e+01 6.739224417558018843e+01 4.374080330844305564e+01
1.767000000000000000e+03 4.746821956737153414e+02 -1.519828646531188276e+01 -1.960805816805730739e+00 -5.043831662362077850e+01 -6.398038133208598488e+00 1.369638369435725700e+01 -1.738832940537176341e+01 -5.759787281506059742e+01 -2.634567716907789503e+01
1.784000000000000000e+03 4.857599678236224463e+02 1.095547143301854653e+01 -1.135146614110451324e+01 3.710161236555870090e+01 -3.818510011825696182e+01 -2.850388771345936334e+01 -4.183998692945149145e+00 -1.369133460469682895e+01 1.060733470449835458e+01
1.801000000000000000e+03 4.424911207571300906e+02 -7.215205642838064648e+00 -3.076030516085340949e+01 -2.531764504487497192e+01 -1.064059214066538743e+02 3.904426964665161393e+01 -1.268427323971988052e+01 -4.475177765358438364e+01 3.216547059942929110e+01
1.818000000000000000e+03 4.342104138126588282e+02 -2.496256774913814880e+01 2.493067061658778283e-01 -8.866872968988712955e+01 1.270924348455212849e+00 3.119756237202463645e+00 1.110145240977304049e+00 4.914906586092175900e+00 -3.765019558558228852e+01
1.835000000000000000e+03 4.066556515469483202e+02 2.619505795651419500e-02 -9.460385074065478239e-01 3.115565584878585703e-01 -3.760270022271999579e+00 2.616675355335771513e+01 -1.494592945516510873e+01 -5.509807836926338354e+01 6.594699932094729711e+00
1.852000000000000000e+03 4.034311628212435039e+02 -1.088134733307512825e+01 -1.364401450026357132e+01 -3.900997078039903698e+01 -5.060937626710474291e+01 -3.168044182175539447e+01 4.490320637158870198e+00 1.622685601622386642e+01 9.151631505963322866e+00
1.869000000000000000e+03 3.781879431337536630e+02 1.676005137649407173e+00 -3.082579614417394964e+01 6.196836624782339875e+00 -1.172108855379755994e+02 8.642176138148776943e+00 2.877159624184630005e+00 1.062570857832221272e+01 -4.863535611841408723e+01
1.886000000000000000e+03 3.587711029017327178e+02 -8.068895687059777222e-01 -1.398678403078173105e+01 -3.054408213710975151e+00 -5.423165713740004179e+01 2.240178085370951422e+00 -3.657361109922567244e-01 -5.166949752871258239e-01 -6.896272265135040413e+01
1.903000000000000000e+03 3.525206878913485298e+02 1.513623551042219262e+01 1.239706594442692200e+01 6.060214491391487712e+01 5.026652993395199331e+01 6.008531948406656831e+00 -2.645568012149036718e+01 -1.068814904943520787e+02 2.780994937091018215e+01
1.920000000000000000e+03 3.645025202811860936e+02 4.396144114316441254e+00 -7.488695583011671708e+00 1.848918140372591878e+01 -3.082741758638335483e+01 3.686552095626724679e+01 -2.822992495850366623e+01 -1.168850402647194642e+02 3.492727530051318041e+01
1.937000000000000000e+03 3.453850732508979036e+02 -2.363304008686949587e+01 5.198771014965712922e-01 -9.895632719564419233e+01 1.363505244983248099e+00 4.226349591811324302e+01 2.758326596215354343e+01 1.166223585204869693e+02 -1.732934554848413811e+01
1.954000000000000000e+03 3.365015987566252988e+02 -6.949055209864148708e+00 6.187827467026068007e+00 -3.055117723893782511e+01 2.596648583697835022e+01 7.812089203919486913e+00 5.052637102265590840e+01 2.191774267081078449e+02 -2.487704724473669771e+01
1.971000000000000000e+03 3.452961052855811772e+02 -3.989799755968213901e+01 8.679047344673653797e+00 -1.770256189124868627e+02 3.794516488389385955e+01 6.237663751777199650e+01 1.798758218844542611e+01 7.862410320522502616e+01 -2.738795566919387170e+01
1.988000000000000000e+03 3.344526953155187243e+02 -2.515283271354557204e+00 1.469380196765803426e+01 -1.130262925960365727e+01 6.537597762662869627e+01 -2.461771409672829236e+01 -8.023774129077411388e+00 -3.590050584852559012e+01 -5.522871887268858693e+00
2.005000000000000000e+03 3.527455923372433517e+02 1.326900909547986451e+00 1.425531811427815398e+01 6.661579592165160157e+00 6.618517841787013367e+01 3.360720818836149704e+01 -3.421264961039187114e+01 -1.599186519002741420e+02 9.472174301630783333e+00
2.030000000000000000e+03 3.462283906443465185e+02 -2.661048218131780985e+01 -7.088137839904104509e-02 -1.279067082343411101e+02 -1.512052167471906738e+00 4.632275808843402842e+00 -5.119033415335452730e+01 -2.516417528949259008e+02 -3.540309296638235992e+01
2.063000000000000000e+03 3.253309561710971707e+02 2.440864940421175522e+00 -8.461904138671481945e+00 1.380663532335336541e+01 -4.232428765065422738e+01 8.195491208648952863e+01 -9.542866896328103365e+00 -5.059840823349625794e+01 6.577943523785228308e+01
2.096000000000000000e+03 3.115139618556383994e+02 -4.121181868676680793e+00 -8.142065524794301012e+00 -2.072286140948511601e+01 -4.337937340929424579e+01 -2.295194586870530529e+01 1.819121304765068814e+01 9.343556422774219072e+01 -5.260761067468996188e+00
2.129000000000000000e+03 3.111029506169691103e+02 1.076778815924766164e+01 -4.576949983733275218e+01 6.110731771435093407e+01 -2.578577824286688269e+02 3.897892412769563464e+01 -1.646593551965122870e+01 -9.644801088263554334e+01 -5.272088197028727663e+00
2.162000000000000000e+03 2.883521357367395126e+02 5.538100827721831543e+00 -2.104320528551464164e+01 3.488940003647498145e+01 -1.228759607136232148e+02 -1.888878671300208012e+01 3.558976225151521078e+01 2.203432753937957500e+02 -3.000614193992350920e+01
2.195000000000000000e+03 2.468627796020084588e+02 -1.416827125351700900e+01 -1.788715924355502551e+01 -9.321077961470830076e+01 -1.134425154329815939e+02 -3.945130232787577995e+01 -8.743211609495553205e+00 -5.516586899549054834e+01 -7.597824024003963927e+01
2.228000000000000000e+03 2.435940555369280105e+02 1.475474198776932200e+00 -3.477414580080974815e+01 1.295178243083867642e+01 -2.306570642589529427e+02 -7.351336550266573511e+01 -1.585800338636639140e+01 -1.127722105837972606e+02 -1.071945385357965819e+01
2.261000000000000000e+03 2.424477811486644612e+02 -1.797201739507903540e+01 -1.218902489093269814e+00 -1.257786201127486976e+02 -9.181111808411284159e+00 6.944012586790746866e+01 4.248722819008976082e+00 3.035287734525335424e+01 -1.529343223988592015e+01
2.294000000000000000e+03 2.482855801019734088e+02 -2.939423434730090889e+01 -1.162624485766241733e+01 -2.192291959713502365e+02 -8.286147492276538173e+01 1.687652840970140034e+01 -3.198109359224761050e+01 -2.409311291541656601e+02 -8.425311203098297597e+01
2.327000000000000000e+03 2.405676461961891164e+02 -1.830988455691222683e+01 9.988835554340113276e+00 -1.425935979296863820e+02 8.076146829525926307e+01 -7.813918602605485830e+01 7.048268015655216345e+01 5.576297768163261708e+02 5.144694957834217064e+01
2.360000000000000000e+03 2.495654330985581737e+02 4.294168008827337957e+00 5.148885422384468313e+01 2.803210712364595381e+01 4.294616555165712271e+02 1.067724571649026899e+00 -8.849273014022305972e+01 -7.463501351378253048e+02 7.496924408556577646e+01
2.393000000000000000e+03 2.644694369177107660e+02 -1.835366462006738075e+01 2.753985546671826512e+01 -1.658367819521528190e+02 2.385153225260091858e+02 -3.532258858046551353e+01 -8.914166227986290991e+00 -7.767344428188020800e+01 -3.379157535982903227e+01
2.426000000000000000e+03 2.271458817195755557e+02 -1.180202085322234318e+01 4.537229483685919007e+01 -1.070729168488248177e+02 4.263485570360421093e+02 8.503620596577231083e+01 -6.348587039215362893e+01 -6.247791982064229614e+02 -4.307381386763660558e+00
2.459000000000000000e+03 2.122820261068026753e+02 2.733564431903421976e+01 -3.970217472373989409e+01 2.611333875340096142e+02 -3.907301511544723098e+02 -1.034376170990377553e+01 1.258322973782237426e+02 1.275378308411045737e+03 -1.223381470648774894e+02
2.492000000000000000e+03 2.115769330201241303e+02 1.925532488472702042e+01 -4.567766830800390920e+01 2.057247889213368524e+02 -4.806541380296469015e+02 7.894641222169326511e+01 -3.952142750290594364e+01 -4.533661359701771971e+02 1.938950331887256340e+01
2.525000000000000000e+03 2.207509875653654490e+02 1.262252644156849790e+01 2.982827978983827677e+01 1.345894740405823597e+02 3.525677066738597318e+02 -1.055897140586643843e+02 3.273773999985145622e+01 4.056895945159055827e+02 -7.812995987354837268e+01
2.558000000000000000e+03 2.314533528938615063e+02 -1.734339249211696909e+01 3.885215468463030675e+01 -2.181777751154226621e+02 4.758508793311204386e+02 2.091957669931458099e+02 -7.629965297293030346e+01 -9.682315611214066848e+02 8.408342601218653556e+01
